30 1 1
0 0
12 45
23 56
34 67
45 78
56 89
67 12
78 23
89 34
10 45
21 56
32 67
43 78
54 89
65 12
76 23
87 34
98 45
9 56
20 67
31 78
42 89
53 12
64 23
75 34
86 45
97 56
8 67
19 78
30 89
41 12
15 18 12 20 17 14 22 19 13 16 21 15 18 12 20 17 14 22 19 13 16 21 15 18 12 20 17 14 22 19
2.7 3.2 2.9 2.6 3.1 2.8 3.3 2.5 2.8 3.0 2.6 3.1 2.9 2.7 3.2 2.8 3.0 2.7 3.1 2.9 2.6 3.2 2.8 3.0 2.7 2.9 3.1 2.8 3.0 2.6
2.1 2.5 2.3 2.0 2.4 2.2 2.6 2.1 2.3 2.5 2.2 2.4 2.3 2.1 2.5 2.2 2.4 2.1 2.5 2.3 2.0 2.6 2.2 2.4 2.1 2.3 2.5 2.2 2.4 2.0
1 1 1 1 1 1 1 1 1 1 1 1 1 1 1 1 1 1 1 1 1 1 1 1 1 1 1 1 1 1
41 36 39 43 37 40 38 42 44 36 41 39 45 37 40 38 42 44 36 41 39 45 37 40 38 42 44 36 41 39
500 35
24
1.0 1.0 1.0 1.0 0.95 0.70 0.60 0.60 0.75 0.75 0.80 0.70 0.75 0.85 0.80 0.70 0.55 0.50 0.50 0.55 0.70 0.85 0.90 0.95
500 7200000
24.2 1329
70 35 17.5 50