Initial solution cost: 9336.814185
Improved solution cost: 4447.107635
Worst solution cost: 4447.107635
Mean solution cost: 4447.107635
Mean elapsed time: 9.264348 seconds
Final solution feasibility: FEASIBLE
Solution Details:
Truck Routes:
Truck 1: 0 14 85 87 40 58 11 71 77 7 39 95 28 0 |Truck Time: 4358.904406|4358.904406,0.000000,0.000000,0.000000
Truck 2: 0 22 19 26 81 52 59 89 49 10 0 |Truck Time: 4447.107635|4447.107635,0.000000,0.000000,0.000000
Truck 3: 0 35 3 31 76 57 80 69 53 55 54 20 96 84 34 0 |Truck Time: 4357.807424|4357.807424,0.000000,0.000000,0.000000
Truck 4: 0 100 43 21 46 9 23 60 62 98 51 48 6 8 0 |Truck Time: 4423.171335|4423.171335,0.000000,0.000000,0.000000
Drone Routes:
Drone 1: 0 88 70 32 16 82 25 0 15 66 29 99 0 74 27 30 0 5 0 |Drone Time: 4389.307118|4389.307118,0.000000,0.000000,0.000000
Drone 2: 0 33 24 86 0 90 93 42 83 0 75 37 47 4 0 |Drone Time: 4130.863159|4130.863159,0.000000,0.000000,0.000000
Drone 3: 0 78 18 1 68 94 0 97 56 36 64 0 45 91 0 12 73 65 0 |Drone Time: 4303.382494|4303.382494,0.000000,0.000000,0.000000
Drone 4: 0 41 13 0 44 63 38 0 92 17 2 79 61 72 50 0 67 0 |Drone Time: 4365.848453|4365.848453,0.000000,0.000000,0.000000
Total validation: Makespan=4447.107635, Deadline violation=0.000000, Energy violation=0.000000, Capacity violation=0.000000
