NUM DRONES,2
TRUCK SPEED,1
DRONE SPEED,2
0	3	0	0
1	265	617	0
2	765	101	1
3	477	826	0
4	148	161	0
5	875	456	0
6	856	208	0
7	189	565	0
8	893	463	0
9	177	178	0
10	781	732	0
11	315	143	0
12	38	460	1
13	662	126	1
14	534	553	1
15	193	246	0
16	744	683	1
17	332	342	0
18	804	39	1
19	175	779	0
20	492	525	1
21	671	965	0
22	240	185	0
23	996	398	0
24	583	640	0
25	439	639	1
26	937	349	0
27	141	841	1
28	172	618	0
29	374	168	0
30	584	96	0
31	137	78	0
32	398	974	0
33	393	40	0
34	112	37	0
35	471	314	0
36	650	779	0
37	279	184	1
38	914	292	1
39	256	737	0
40	663	549	0
41	703	125	0
42	602	22	0
43	107	485	0
44	41	263	0
45	278	945	0
46	109	558	1
47	362	209	0
48	626	329	1
49	580	801	1
50	469	31	0
51	63	997	0
52	458	358	0
53	394	686	0
54	412	487	0
55	853	92	0
56	294	219	0
57	763	13	1
58	160	692	0
59	273	364	0
60	812	848	0
61	865	724	0
62	516	470	0
63	679	567	1
64	469	231	0
65	724	969	0
66	213	131	0
67	587	795	1
68	789	275	1
69	802	647	1
70	658	683	1
71	338	437	0
72	70	4	1
73	668	131	0
74	836	284	1
75	858	408	0
76	778	816	0
77	313	864	0
78	256	92	0
79	196	455	0
80	286	783	0
81	829	881	0
82	367	910	1
83	633	819	1
84	275	912	0
85	38	248	1
86	441	40	0
87	33	312	0
88	136	561	1
89	153	534	0
90	127	682	0
91	244	86	1
92	408	427	0
93	754	670	0
94	630	251	0
95	135	600	1
96	598	734	0
97	690	308	0
98	946	814	0
99	92	194	0
100	538	858	0
101	726	937	0
102	846	825	0
103	332	758	0
104	896	700	0
105	879	409	1
106	731	884	0
107	821	138	0
108	799	340	0
109	124	327	0
110	429	408	0
111	99	263	0
112	120	582	1
113	970	278	0
114	986	552	1
115	608	340	1
116	585	3	0
117	4	943	1
118	766	862	1
119	532	125	1
120	603	708	0
121	469	941	1
122	172	984	1
123	281	321	0
124	748	538	0
125	525	872	0
126	323	7	0
127	474	0	1
128	392	392	1
129	832	657	0
130	602	591	0
131	563	899	0
132	734	899	0
133	718	503	0
134	700	59	0
135	658	594	1
136	29	945	1
137	95	337	0
138	490	44	0
139	565	351	0
140	428	913	0
141	753	49	0
142	599	862	0
143	900	549	0
144	9	378	0
145	728	97	0
146	620	782	0
147	70	478	1
148	852	152	1
149	241	694	1
150	89	370	0
151	507	824	1
152	269	287	1
153	459	995	0
154	457	518	0
155	535	584	0
156	602	460	0
157	113	523	0
158	726	300	0
159	793	238	0
160	606	299	0
161	849	780	0
162	104	501	1
163	490	697	0
164	249	186	1
165	166	564	1
166	836	548	0
167	423	83	1
168	911	356	0
169	521	11	0
170	937	125	0
171	973	960	0
172	557	941	0
173	962	471	0
174	563	860	0
175	294	298	1
176	706	386	0
177	151	916	1
178	845	164	0
179	219	864	0
180	337	252	1
181	79	353	0
182	902	755	0
183	817	961	0
184	562	255	0
185	132	819	0
186	320	900	0
187	777	363	1
188	55	521	0
189	386	624	1
190	380	718	0
191	169	863	0
192	183	948	0
193	551	367	1
194	992	381	0
195	174	654	1
196	956	163	0
197	295	85	0
198	542	881	0
199	799	346	0
200	108	712	0
201	709	239	0
202	169	445	1
203	144	460	0
204	756	163	0
205	996	205	1
206	663	445	0
207	469	732	1
208	776	359	0
209	697	233	1
210	732	49	0
211	631	206	0
212	500	522	0
213	776	235	0
214	726	242	0
215	709	231	0
216	723	591	0
217	489	404	1
218	731	184	0
219	692	325	0
220	786	186	0
221	894	271	0
222	652	202	0
223	607	223	1
224	676	244	0
225	765	202	1
226	709	239	1
227	659	592	0
228	728	263	0
229	880	126	0
230	161	454	0
231	202	679	0
232	145	422	0
233	32	285	0
234	182	349	1
235	176	478	1
236	211	712	0
237	215	483	0
238	153	460	0
239	338	462	0
240	168	458	0
241	127	423	1
242	95	451	0
243	68	399	0
244	308	471	1
245	170	474	0
246	165	401	0
247	143	431	0
248	312	347	0
249	165	437	0
250	158	470	0
251	66	553	0
252	127	470	0
253	197	468	0
254	67	452	1
255	364	675	0
256	141	462	0
257	147	435	0
258	180	486	0
259	148	467	1
260	74	458	0
261	352	468	0
262	224	257	1
263	293	283	0
264	275	504	0
265	176	400	0
266	155	454	0
267	115	413	0
268	213	522	0
269	149	451	0
270	140	471	0
271	146	461	0
272	274	563	0
273	238	604	0
274	153	574	0
275	198	653	1
276	113	387	1
277	144	439	0
278	121	447	0
279	132	476	1
280	163	473	0
281	46	523	0
282	244	413	0
283	3	275	0
284	132	248	0
285	676	22	1
286	782	147	0
287	594	474	0
288	767	170	0
289	668	52	0
290	732	167	0
291	789	189	0
292	779	77	0
293	906	212	0
294	776	152	0
295	818	101	0
296	843	200	0
297	759	154	0
298	709	51	0
299	761	313	0
300	954	121	1
301	780	88	0
302	755	163	1
303	837	197	0
304	688	67	0
305	764	163	0
306	723	147	0
307	711	272	0
308	950	130	0
309	976	216	0
310	871	235	0
311	949	161	0
312	902	99	0
313	959	175	0
314	920	144	0
315	982	172	0
316	905	178	0
317	964	208	0
318	997	203	0
319	997	207	0
320	967	247	0
321	917	477	0
322	871	162	0
323	992	208	0
324	992	204	0
325	977	139	0
326	951	182	0
327	998	205	0
328	906	186	0
329	970	217	0
330	636	256	0
331	986	393	1
332	812	92	0
333	983	216	1
334	991	303	0
335	736	161	0
336	999	202	0
337	973	196	0
338	984	265	0
339	919	219	0
340	996	206	0
341	986	200	0
342	545	465	0
343	695	606	0
344	652	424	0
345	438	381	0
346	667	408	0
347	501	529	0
348	667	452	0
349	704	454	0
350	615	483	0
351	782	408	0
352	597	341	0
353	645	550	0
354	660	446	0
355	691	462	0
356	530	545	0
357	785	469	0
358	545	661	0
359	589	307	0
360	688	458	0
361	697	429	0
362	640	443	0
363	620	531	0
364	293	321	0
365	740	513	0
366	656	446	0
367	575	396	0
368	741	391	0
369	660	454	0
370	421	654	0
371	533	754	0
372	733	711	0
373	505	753	0
374	326	914	0
375	406	640	0
376	469	393	0
377	479	668	0
378	466	729	0
379	441	754	0
380	468	726	0
381	478	792	0
382	470	732	0
383	577	778	0
384	482	756	0
385	460	730	0
386	448	781	0
387	460	702	0
388	383	755	0
389	455	720	0
390	482	699	0
391	487	711	0
392	481	729	0
393	450	667	0
394	449	734	0
395	479	753	0
396	501	734	0
397	384	483	0
398	464	691	0
399	470	736	0
400	427	672	0
