NUM DRONES,1
TRUCK SPEED,1
DRONE SPEED,2
0	1539	1851	0
1	63	71	0
2	94	71	1
3	142	370	1
4	173	1276	1
5	205	1213	1
6	213	69	0
7	244	69	1
8	276	630	1
9	283	732	1
10	362	69	0
11	394	69	0
12	449	370	1
13	480	1276	0
14	512	1213	0
15	528	157	1
16	583	630	1
17	591	732	1
18	638	654	1
19	638	496	1
20	638	314	0
21	638	142	1
22	669	142	1
23	677	315	1
24	677	496	1
25	677	654	0
26	709	654	0
27	709	496	1
28	709	315	0
29	701	142	1
30	764	220	1
31	811	189	1
32	843	173	1
33	858	370	1
34	890	1276	1
35	921	1213	1
36	992	630	1
37	1000	732	0
38	1197	1276	1
39	1228	1213	1
40	1276	205	1
41	1299	630	0
42	1307	732	1
43	1362	654	1
44	1362	496	0
45	1362	291	0
46	1425	654	1
47	1425	496	1
48	1425	291	1
49	1417	173	1
50	1488	291	1
51	1488	496	1
52	1488	654	1
53	1551	654	1
54	1551	496	1
55	1551	291	1
56	1614	291	1
57	1614	496	1
58	1614	654	0
59	1732	189	1
60	1811	1276	0
61	1843	1213	1
62	1913	630	1
63	1921	732	0
64	2087	370	0
65	2118	1276	1
66	2150	1213	1
67	2189	205	0
68	2220	189	1
69	2220	630	0
70	2228	732	0
71	2244	142	1
72	2276	315	1
73	2276	496	0
74	2276	654	1
75	2315	654	0
76	2315	496	1
77	2315	315	1
78	2331	142	1
79	2346	315	1
80	2346	496	1
81	2346	654	1
82	2362	142	1
83	2402	157	0
84	2402	220	1
85	2480	142	1
86	2496	370	1
87	2528	1276	0
88	2559	1213	1
89	2630	630	1
90	2638	732	1
91	2756	69	1
92	2787	69	1
93	2803	370	1
94	2835	1276	1
95	2866	1213	1
96	2906	69	1
97	2937	69	1
98	2937	630	1
99	2945	732	1
100	3016	1276	1
101	3055	69	0
102	3087	69	1
103	606	220	1
104	1165	370	1
105	1780	370	1
106	63	1402	1
107	94	1402	1
108	142	1701	1
109	173	2607	1
110	205	2544	1
111	213	1400	1
112	244	1400	1
113	276	1961	0
114	283	2063	1
115	362	1400	1
116	394	1400	1
117	449	1701	1
118	480	2607	0
119	512	2544	0
120	528	1488	1
121	583	1961	0
122	591	2063	1
123	638	1985	0
124	638	1827	1
125	638	1645	1
126	638	1473	1
127	669	1473	1
128	677	1646	1
129	677	1827	1
130	677	1985	1
131	709	1985	1
132	709	1827	1
133	709	1646	1
134	701	1473	0
135	764	1551	1
136	811	1520	0
137	843	1504	0
138	858	1701	1
139	890	2607	1
140	921	2544	1
141	992	1961	1
142	1000	2063	1
143	1197	2607	1
144	1228	2544	1
145	1276	1536	1
146	1299	1961	1
147	1307	2063	1
148	1362	1985	1
149	1362	1827	1
150	1362	1622	1
151	1425	1985	1
152	1425	1827	1
153	1425	1622	1
154	1417	1504	1
155	1488	1622	1
156	1488	1827	1
157	1488	1985	0
158	1551	1985	1
159	1551	1827	0
160	1551	1622	1
161	1614	1622	0
162	1614	1827	1
163	1614	1985	0
164	1732	1520	1
165	1811	2607	1
166	1843	2544	0
167	1913	1961	1
168	1921	2063	1
169	2087	1701	0
170	2118	2607	1
171	2150	2544	1
172	2189	1536	1
173	2220	1520	0
174	2220	1961	1
175	2228	2063	1
176	2244	1473	1
177	2276	1646	0
178	2276	1827	1
179	2276	1985	1
180	2315	1985	1
181	2315	1827	0
182	2315	1646	1
183	2331	1473	1
184	2346	1646	1
185	2346	1827	1
186	2346	1985	0
187	2362	1473	1
188	2402	1488	1
189	2402	1551	1
190	2480	1473	0
191	2496	1701	1
192	2528	2607	1
193	2559	2544	1
194	2630	1961	1
195	2638	2063	0
196	2756	1400	1
197	2787	1400	1
198	2803	1701	1
199	2835	2607	1
200	2866	2544	1
201	2906	1400	1
202	2937	1400	1
203	2937	1961	0
204	2945	2063	1
205	3016	2607	1
206	3055	1400	0
207	3087	1400	1
208	606	1551	0
209	1165	1701	1
210	1780	1701	0
211	63	2733	0
212	94	2733	0
213	142	3032	1
214	173	3938	1
215	205	3875	0
216	213	2731	1
217	244	2731	0
218	276	3292	1
219	283	3394	0
220	362	2731	0
221	394	2731	0
222	449	3032	0
223	480	3938	0
224	512	3875	1
225	528	2819	1
226	583	3292	1
227	591	3394	0
228	638	3316	1
229	638	3158	1
230	638	2976	0
231	638	2804	1
232	669	2804	0
233	677	2977	1
234	677	3158	1
235	677	3316	0
236	709	3316	0
237	709	3158	1
238	709	2977	1
239	701	2804	0
240	764	2882	0
241	811	2851	1
242	843	2835	1
243	858	3032	0
244	890	3938	0
245	921	3875	0
246	992	3292	1
247	1000	3394	1
248	1197	3938	0
249	1228	3875	0
250	1276	2867	0
251	1299	3292	1
252	1307	3394	0
253	1362	3316	0
254	1362	3158	0
255	1362	2953	1
256	1425	3316	0
257	1425	3158	0
258	1425	2953	0
259	1417	2835	0
260	1488	2953	0
261	1488	3158	0
262	1488	3316	1
263	1551	3316	0
264	1551	3158	1
265	1551	2953	0
266	1614	2953	0
267	1614	3158	0
268	1614	3316	0
269	1732	2851	1
270	1811	3938	0
271	1843	3875	1
272	1913	3292	0
273	1921	3394	0
274	2087	3032	1
275	2118	3938	1
276	2150	3875	0
277	2189	2867	1
278	2220	2851	0
279	2220	3292	0
280	2228	3394	0
281	2244	2804	0
282	2276	2977	0
283	2276	3158	0
284	2276	3316	0
285	2315	3316	0
286	2315	3158	1
287	2315	2977	0
288	2331	2804	0
289	2346	2977	0
290	2346	3158	0
291	2346	3316	0
292	2362	2804	0
293	2402	2819	0
294	2402	2882	0
295	2480	2804	0
296	2496	3032	1
297	2528	3938	0
298	2559	3875	0
299	2630	3292	0
300	2638	3394	0
301	2756	2731	0
302	2787	2731	0
303	2803	3032	0
304	2835	3938	1
305	2866	3875	0
306	2906	2731	0
307	2937	2731	0
308	2937	3292	0
309	2945	3394	1
310	3016	3938	0
311	3055	2731	0
312	3087	2731	0
313	606	2882	0
314	1165	3032	0
315	1780	3032	0
316	1417	-79	0
317	1496	-79	0
318	1693	4055	0
