Attempts: 5
Selected attempt (0-based): 0
Truck Routes:
Truck 1: 0 872 265 453 502 907 234 496 757 816 797 517 383 394 355 466 631 323 0 810 431 74 534 101 90 0 369 588 0 527 766 85 793 992 299 398 507 925 0 307 0 
Truck 2: 0 121 345 457 48 37 334 2 484 294 28 957 277 988 126 112 808 410 0 883 220 298 463 0 866 149 752 538 487 580 0 753 480 366 134 451 804 279 50 0 
Truck 3: 0 812 983 608 761 839 503 104 722 659 559 861 978 834 815 912 0 303 400 558 116 0 60 238 379 513 873 465 304 921 438 61 0 961 783 772 634 785 20 0 
Truck 4: 0 973 506 707 348 611 29 58 566 519 549 173 382 317 857 175 676 0 578 87 167 408 0 188 75 259 92 232 646 482 0 425 315 719 687 643 106 763 39 0 
Truck 5: 0 201 387 328 635 399 799 47 65 0 42 821 364 792 633 0 427 599 759 5 434 0 156 981 297 483 882 726 326 637 67 0 888 11 955 420 162 36 712 909 0 901 4 120 318 833 893 887 826 629 0 
Truck 6: 0 78 433 618 529 542 208 200 561 575 936 160 176 706 107 0 771 714 622 148 166 289 40 585 0 844 827 442 0 293 322 638 663 18 226 422 972 461 738 0 911 919 0 
Truck 7: 0 191 741 26 867 573 937 732 256 555 748 739 336 0 864 252 52 830 314 51 963 0 500 767 56 967 858 0 198 441 842 613 79 570 0 7 430 8 258 540 700 908 165 145 0 
Truck 8: 0 601 696 523 564 407 281 628 194 544 235 150 306 509 0 89 997 71 590 0 668 501 598 532 0 794 874 736 392 33 342 595 495 14 0 481 710 947 959 727 59 99 0 
Truck 9: 0 325 471 401 600 19 185 718 88 285 437 476 616 0 375 155 512 582 464 642 333 0 952 110 357 196 124 693 57 942 415 0 172 98 378 435 775 260 697 351 204 0 316 479 0 
Truck 10: 0 301 10 331 309 475 9 474 183 24 153 0 829 214 677 0 138 518 129 273 602 539 0 95 790 877 0 592 902 282 0 900 817 287 244 856 0 
Truck 11: 0 721 644 180 416 449 168 670 876 69 0 914 32 131 257 319 0 91 251 545 0 269 368 338 55 800 195 0 648 212 999 966 525 291 699 679 846 891 62 181 0 655 0 
Truck 12: 0 847 594 227 863 105 197 447 193 122 0 374 389 593 837 477 344 243 894 0 832 417 274 225 684 762 0 271 851 640 17 450 969 0 239 119 86 511 171 373 0 
Truck 13: 0 584 370 152 824 673 30 80 402 157 493 0 83 494 489 327 0 248 574 556 300 460 0 264 956 823 632 579 261 0 385 828 962 199 935 76 795 565 329 692 737 358 964 806 705 421 0 
Truck 14: 0 675 377 270 135 247 169 998 879 45 376 372 918 639 836 164 0 990 781 524 0 296 933 571 0 786 236 546 581 787 976 683 0 396 0 
Truck 15: 0 934 776 547 349 954 536 885 343 930 504 0 729 15 141 701 796 572 0 288 603 418 822 929 295 620 221 0 245 405 0 222 751 623 811 365 916 0 490 0 
Drone Routes:
Drone 1: 0 653 591 0 139 46 0 137 346 0 798 311 0 803 869 237 446 0 708 125 0 577 734 68 0 64 0 485 423 0 528 111 0 81 38 0 492 499 0 880 896 0 206 436 0 995 0 
Drone 2: 0 515 151 725 381 0 186 31 0 968 905 0 818 773 0 362 353 0 563 486 0 102 949 0 987 0 768 0 859 0 807 627 0 335 688 0 521 455 0 228 586 0 454 884 764 0 
Drone 3: 0 755 113 397 0 852 551 0 66 958 980 0 681 910 0 429 881 0 514 310 597 0 664 649 0 467 0 709 0 312 789 0 530 388 0 144 548 177 0 889 409 361 0 886 284 0 878 0 
Drone 4: 0 347 360 716 862 0 202 459 0 924 23 0 615 717 0 780 63 0 77 12 0 70 117 813 0 272 0 742 0 740 606 0 694 0 240 0 1 390 0 354 0 614 0 
Drone 5: 0 190 16 0 445 178 903 0 974 996 143 0 250 765 841 0 219 651 0 520 0 650 568 0 94 0 685 993 713 0 984 943 682 0 456 0 133 339 0 660 0 898 290 0 337 769 440 0 
Drone 6: 0 938 805 223 0 541 850 0 82 452 0 49 989 754 0 308 860 0 406 923 0 352 428 0 657 472 720 0 497 868 0 321 723 624 0 744 950 0 661 801 13 0 840 970 0 931 0 735 0 136 0 
Drone 7: 0 583 205 0 130 189 233 0 550 468 118 567 444 0 278 439 0 604 535 0 560 253 0 280 114 0 246 146 831 154 0 393 0 359 702 21 991 488 0 986 610 0 108 305 0 100 215 448 0 904 469 161 0 132 784 0 
Drone 8: 0 473 605 711 0 596 458 0 553 263 470 207 0 44 749 0 695 0 576 920 940 0 678 313 0 242 140 0 557 0 913 187 0 73 689 0 391 0 855 875 0 531 0 158 0 
Drone 9: 0 491 788 960 0 612 403 0 770 626 0 756 324 0 371 330 0 93 0 340 0 230 0 814 774 760 147 0 510 0 128 0 587 0 54 231 0 302 0 897 0 
Drone 10: 0 192 895 432 849 0 41 665 0 686 0 267 636 745 0 917 0 211 0 890 0 865 0 411 609 0 424 286 0 680 0 341 84 0 413 0 96 843 674 0 508 809 845 0 
Drone 11: 0 758 72 820 0 142 350 733 0 656 667 0 6 715 0 944 35 0 159 0 672 224 0 871 953 0 724 932 0 979 926 0 163 0 404 505 0 115 498 994 0 562 0 779 0 
Drone 12: 0 690 819 0 946 217 669 704 0 971 218 0 899 0 654 0 835 478 0 630 782 825 0 412 645 0 184 0 25 182 589 0 386 750 0 249 0 254 210 0 537 127 0 906 0 
Drone 13: 0 662 641 0 658 426 123 3 203 0 975 666 43 0 838 777 0 27 262 0 569 0 384 283 985 0 647 367 703 0 266 0 209 927 0 363 621 97 0 691 848 0 255 0 443 853 0 174 0 
Drone 14: 0 625 941 0 332 22 0 607 216 0 619 778 0 275 320 915 0 977 292 0 728 414 179 0 945 0 229 0 965 0 617 554 0 552 948 0 109 276 0 516 730 0 419 0 
Drone 15: 0 462 213 698 652 53 922 0 746 928 0 854 802 0 380 0 951 982 870 356 731 0 791 743 0 34 533 0 892 0 671 0 241 268 0 395 170 0 526 1000 0 103 543 0 522 0 747 939 0 
Makespan (objective - latest vehicle finish): 19206.7 seconds
Total time (sum of all routes - secondary): 520899 seconds
Truck time sum: 265615 seconds
Drone time sum: 255284 seconds
Unserved customers: 0
Overall feasibility: Yes
Average customers per drone sortie (depot-to-depot): 2.0354
Average customers per truck sortie (depot-to-depot): 7.10526
Instance: instance/1000.20.4.txt  Time: 7307.36 ms
