Attempts: 3
Selected attempt (0-based): 2
Truck Routes:
Truck 1: 0 998 737 808 490 45 558 562 311 0 619 608 622 247 828 43 0 871 984 886 724 969 343 768 402 0 636 514 639 146 289 120 841 664 0 304 667 701 853 231 634 0 946 0 
Truck 2: 0 869 373 78 208 773 2 0 476 417 745 686 9 375 569 599 347 793 842 0 172 563 798 679 747 202 77 0 723 906 0 836 170 405 312 393 114 649 0 
Truck 3: 0 582 936 290 919 698 207 0 250 254 516 302 806 125 94 0 863 75 627 796 584 0 689 947 25 481 390 0 678 82 143 5 733 0 
Truck 4: 0 857 807 719 926 945 996 0 465 84 144 265 564 283 860 0 441 600 300 578 766 727 501 145 0 814 328 106 708 538 0 377 897 813 0 568 0 
Truck 5: 0 513 940 198 979 552 460 287 0 51 592 459 510 927 0 970 844 91 693 628 992 256 293 96 0 97 234 1 892 674 527 376 159 0 355 700 317 0 494 201 531 0 
Truck 6: 0 767 924 291 333 472 518 0 418 883 794 46 623 0 467 345 449 684 17 735 6 0 550 517 10 904 352 920 714 496 167 0 13 901 154 458 784 0 865 433 677 0 
Truck 7: 0 890 560 52 0 680 877 23 581 150 474 0 495 262 876 273 224 726 272 1000 0 319 73 856 887 69 0 752 673 0 802 0 
Truck 8: 0 725 249 736 27 811 0 885 113 452 702 299 789 0 778 121 191 180 958 949 799 0 385 93 147 7 861 843 633 235 492 830 0 948 72 0 285 952 615 941 915 0 
Truck 9: 0 612 424 374 394 326 349 820 0 330 658 153 810 870 847 329 0 425 85 176 498 835 855 308 661 0 509 499 363 392 0 933 139 646 0 
Truck 10: 0 846 980 140 336 0 500 369 387 913 359 386 0 414 551 214 931 732 236 119 0 228 38 528 324 685 758 994 209 230 530 921 358 997 0 987 543 12 315 138 788 909 0 721 0 
Truck 11: 0 475 557 981 834 713 497 0 157 588 999 672 572 0 100 179 367 912 620 942 104 739 0 127 81 900 993 110 0 801 972 866 135 322 20 0 24 0 
Truck 12: 0 471 706 473 244 902 0 525 142 610 882 56 0 666 968 524 511 504 177 257 818 0 325 932 730 211 411 960 688 485 728 0 276 930 47 0 519 282 0 
Truck 13: 0 263 648 232 370 11 0 440 604 652 681 242 0 780 508 937 956 526 136 0 197 86 951 130 566 669 4 899 817 434 0 87 0 491 896 0 
Truck 14: 0 422 750 734 918 188 158 225 0 986 185 621 378 751 279 407 0 990 888 502 284 692 651 275 805 657 614 397 0 583 858 983 264 783 364 132 0 717 196 546 429 388 640 0 671 0 
Truck 15: 0 26 346 117 366 650 0 707 977 413 454 175 193 0 266 985 222 586 655 426 203 0 587 696 133 756 570 240 431 141 89 0 539 34 605 523 988 0 907 187 65 0 
Drone Routes:
Drone 1: 0 534 675 269 0 607 419 0 831 776 0 764 477 0 954 408 0 617 410 0 35 22 0 436 832 0 749 0 771 574 0 787 0 70 362 0 867 0 298 478 0 223 274 0 645 182 0 463 0 791 0 
Drone 2: 0 950 722 0 718 92 753 878 0 160 962 0 961 288 0 761 39 694 827 0 479 809 0 964 0 42 0 848 549 450 0 382 237 0 286 60 0 487 439 0 975 456 0 338 446 0 353 40 944 0 482 0 303 874 0 
Drone 3: 0 720 559 0 654 371 420 537 0 200 536 0 33 71 845 0 571 785 389 350 0 488 0 602 0 898 428 0 660 0 712 643 0 361 691 0 48 0 438 695 0 189 0 862 0 260 0 16 0 
Drone 4: 0 792 580 935 0 36 923 0 309 687 0 894 101 545 0 354 174 253 0 44 763 0 313 351 0 76 220 0 49 0 217 323 0 437 826 0 112 0 356 99 0 760 107 0 503 716 0 210 229 0 567 854 0 
Drone 5: 0 676 399 973 0 541 630 971 0 576 903 0 339 164 296 0 989 533 64 0 873 840 849 0 852 596 544 0 194 0 683 178 0 238 489 0 967 129 0 152 0 155 585 0 258 0 637 0 638 905 0 108 21 0 
Drone 6: 0 731 765 0 922 337 0 8 703 893 0 797 307 609 0 875 929 991 0 815 123 0 484 710 0 55 0 381 251 859 0 741 0 916 0 470 227 0 697 0 837 0 401 271 0 360 829 0 192 0 
Drone 7: 0 259 606 0 305 218 423 0 241 181 754 0 982 171 0 332 314 0 128 0 124 740 0 215 0 943 668 149 0 221 953 590 0 66 0 248 978 163 0 593 162 0 435 0 380 555 0 908 213 0 786 0 
Drone 8: 0 294 166 0 522 635 98 0 131 239 0 206 74 0 670 161 0 415 911 169 0 252 0 118 781 770 0 709 493 0 372 0 548 0 575 881 0 391 0 744 116 0 995 868 0 506 0 270 0 
Drone 9: 0 803 122 0 816 368 68 0 281 57 111 611 0 565 777 0 819 782 468 0 204 0 406 379 0 520 267 521 67 0 662 595 743 0 965 0 61 0 331 365 0 553 0 427 625 32 0 243 0 115 0 151 0 
Drone 10: 0 705 432 41 466 0 15 451 0 742 334 0 461 212 295 0 109 833 95 0 310 0 790 589 0 976 0 542 0 879 910 0 653 532 453 0 31 889 0 102 0 148 0 839 0 14 0 205 573 403 0 
Drone 11: 0 126 715 0 3 400 340 0 320 464 0 261 195 598 0 632 409 0 642 277 357 0 579 891 663 0 173 0 430 0 63 442 0 398 626 0 957 0 184 556 0 974 335 0 823 601 483 0 775 0 505 0 412 0 
Drone 12: 0 246 647 779 443 0 656 795 421 0 416 618 445 348 383 0 934 711 507 0 448 554 0 278 0 226 0 682 822 0 914 772 0 704 641 925 0 58 0 28 938 0 59 255 342 0 613 245 0 54 0 53 577 0 769 0 29 0 
Drone 13: 0 480 804 0 729 762 395 0 156 624 0 644 457 0 629 105 0 165 591 447 0 755 0 966 103 0 851 939 0 597 297 0 824 327 0 850 137 0 690 0 306 603 0 469 0 88 0 616 0 
Drone 14: 0 665 540 0 199 512 233 0 838 547 0 455 30 0 90 344 62 0 928 594 0 18 738 0 396 0 748 917 631 0 535 37 959 321 0 659 384 746 0 50 0 19 0 955 0 486 0 79 0 292 83 0 
Drone 15: 0 812 134 0 774 561 821 0 301 216 0 825 341 0 800 963 0 759 318 529 0 280 0 699 316 0 884 0 168 0 186 444 757 0 268 515 0 880 872 0 190 895 80 0 219 462 0 404 0 183 0 864 0 
Makespan (objective - latest vehicle finish): 13839 seconds
Total time (sum of all routes - secondary): 365501 seconds
Truck time sum: 190400 seconds
Drone time sum: 175101 seconds
Unserved customers: 0
Overall feasibility: Yes
Average customers per drone sortie (depot-to-depot): 1.96525
Average customers per truck sortie (depot-to-depot): 5.64368
Instance: instance/1000.10.1.txt  Time: 4478.48 ms
