Attempts: 5
Selected attempt (0-based): 0
Truck Routes:
Truck 1: 0 794 173 400 88 498 940 0 372 64 996 0 835 32 569 256 192 863 0 407 719 495 208 813 0 982 125 517 207 744 544 695 56 258 232 45 0 727 665 508 580 0 
Truck 2: 0 262 264 371 549 43 908 516 867 537 161 383 678 58 564 179 76 126 894 915 250 704 131 814 0 541 389 644 9 582 344 0 311 40 484 183 800 642 194 80 654 600 347 479 106 228 474 878 227 0 589 0 
Truck 3: 0 108 4 608 292 583 79 181 726 189 461 849 685 897 674 231 706 233 72 0 6 387 92 693 111 829 412 501 958 0 480 816 664 154 186 967 450 916 405 881 532 124 825 123 0 802 0 
Truck 4: 0 722 965 788 468 442 979 213 148 710 457 348 912 623 239 868 973 0 752 61 666 0 54 503 270 725 33 596 616 35 493 2 956 540 0 385 791 572 0 
Truck 5: 0 518 595 74 116 660 271 728 489 73 284 455 322 774 756 196 374 520 0 562 692 599 880 408 53 41 77 717 0 935 859 135 895 543 312 27 494 686 983 929 83 363 10 874 0 821 0 
Truck 6: 0 283 530 323 171 397 955 104 742 899 981 91 145 758 919 528 0 401 566 759 166 444 806 0 558 712 413 294 903 705 436 275 379 0 539 420 888 784 636 751 597 0 828 0 
Truck 7: 0 797 144 917 326 38 577 417 252 430 234 669 0 137 699 158 671 0 195 575 310 395 851 298 0 107 677 490 879 683 8 551 0 361 0 
Truck 8: 0 724 576 201 276 150 81 263 293 463 951 325 421 721 1000 0 801 747 429 952 203 315 0 396 992 790 609 997 661 433 807 625 738 994 734 110 222 157 0 491 977 709 223 285 346 149 631 652 0 
Truck 9: 0 739 235 128 974 923 993 749 365 24 471 139 949 571 519 0 860 553 782 0 425 46 811 785 101 7 121 0 452 637 875 838 805 732 47 627 0 914 836 0 
Truck 10: 0 338 527 776 754 120 445 639 592 48 68 342 824 458 832 946 944 0 701 536 0 281 282 358 378 708 504 483 808 319 18 0 295 769 621 224 0 
Truck 11: 0 39 218 163 297 675 331 697 98 761 0 215 882 391 17 872 0 998 854 0 622 324 910 259 0 550 855 209 972 115 584 84 240 702 0 681 153 0 
Truck 12: 0 50 657 168 617 267 230 42 703 773 555 635 0 241 140 465 990 3 0 345 770 257 939 354 718 415 0 755 886 172 968 427 904 883 605 928 887 219 682 337 861 567 0 476 261 0 
Truck 13: 0 964 777 437 789 913 809 941 353 225 349 274 308 165 382 619 984 971 0 14 243 0 960 588 300 97 610 823 870 265 169 655 340 765 757 0 547 193 460 673 220 633 462 902 0 
Truck 14: 0 781 646 143 34 525 659 0 370 736 246 714 197 740 932 670 924 0 277 615 0 590 291 191 643 638 936 103 255 236 612 632 266 411 328 687 410 0 922 167 988 418 927 63 679 136 329 343 327 206 160 0 
Truck 15: 0 434 896 141 130 663 604 795 690 352 521 841 260 0 446 435 464 707 373 226 0 792 748 492 778 931 414 909 60 581 478 438 279 0 369 95 82 398 602 251 689 302 351 200 0 238 0 
Drone Routes:
Drone 1: 0 598 803 500 273 0 497 0 611 0 771 146 869 441 667 0 711 889 850 0 976 423 428 0 94 204 0 19 289 0 926 0 100 978 0 688 0 533 156 796 0 247 0 763 0 
Drone 2: 0 142 745 0 459 182 0 113 217 0 51 456 0 114 132 579 0 15 716 0 834 975 0 780 5 898 0 286 176 0 901 930 0 918 368 0 842 700 933 591 0 885 0 248 546 0 
Drone 3: 0 737 380 559 0 999 0 447 848 0 307 0 840 229 0 190 799 0 570 0 729 406 0 314 475 177 696 0 969 0 606 920 511 16 779 948 0 210 0 341 934 0 
Drone 4: 0 138 603 303 676 0 985 30 938 0 175 856 723 620 0 943 0 159 0 925 884 0 288 102 0 89 0 762 198 0 991 0 416 290 0 470 118 0 127 568 0 59 0 
Drone 5: 0 381 360 0 99 362 0 485 509 0 155 487 0 37 499 1 62 0 184 548 0 817 305 634 439 0 947 0 698 66 853 376 205 0 650 786 0 357 335 244 586 0 304 0 668 0 355 656 0 
Drone 6: 0 629 954 67 0 330 837 514 0 640 0 764 134 426 0 278 876 607 0 552 573 0 815 0 907 750 129 0 787 69 152 0 767 0 648 512 818 0 957 900 477 0 253 839 651 563 0 
Drone 7: 0 454 613 0 364 760 0 565 864 594 0 71 0 432 174 0 893 649 720 0 242 810 554 0 858 0 953 321 386 0 959 529 0 21 684 691 0 653 299 0 394 0 393 0 
Drone 8: 0 133 626 0 467 268 0 469 0 826 65 0 332 0 119 23 0 272 513 0 339 0 320 211 109 0 873 827 0 961 831 0 630 0 812 409 0 388 0 
Drone 9: 0 75 911 185 0 296 989 25 768 618 0 13 245 798 0 942 0 557 877 170 963 85 384 0 542 852 0 526 0 741 359 0 510 178 0 122 31 0 574 0 658 865 309 945 0 202 0 
Drone 10: 0 449 833 0 90 451 0 694 36 593 0 96 995 0 628 560 0 488 105 0 614 522 0 280 443 0 57 578 0 78 375 0 846 871 0 775 402 0 12 0 
Drone 11: 0 534 28 254 448 502 0 481 843 0 22 356 545 0 905 422 0 86 466 0 249 49 0 601 515 0 112 0 730 214 587 844 0 440 819 0 662 162 0 29 390 0 906 26 0 845 966 0 
Drone 12: 0 538 392 0 188 473 0 269 820 0 472 772 0 531 287 0 733 505 0 713 403 0 377 0 70 0 556 0 301 0 93 862 0 318 0 55 164 0 
Drone 13: 0 147 585 0 313 0 986 857 892 0 921 431 715 0 496 0 937 0 44 404 0 221 0 561 486 0 506 482 0 950 0 645 0 453 419 0 
Drone 14: 0 647 11 0 350 334 0 735 731 0 680 317 216 0 783 0 866 87 0 151 52 0 890 366 830 0 535 524 891 0 199 793 507 0 980 0 336 0 804 743 0 624 0 
Drone 15: 0 847 367 399 0 970 822 0 641 117 0 746 987 0 316 212 0 962 424 0 672 0 306 766 0 523 237 0 180 0 187 0 333 0 753 20 0 
Makespan (objective - latest vehicle finish): 27725.6 seconds
Total time (sum of all routes - secondary): 692548 seconds
Truck time sum: 369605 seconds
Drone time sum: 322943 seconds
Unserved customers: 0
Overall feasibility: Yes
Average customers per drone sortie (depot-to-depot): 2.08333
Average customers per truck sortie (depot-to-depot): 8.21429
Instance: instance/1000.30.1.txt  Time: 7561.01 ms
