Attempts: 5
Selected attempt (0-based): 1
Truck Routes:
Truck 1: 0 592 673 507 869 407 21 714 369 363 749 840 48 0 82 785 905 91 2 0 324 473 70 644 964 74 642 937 385 0 166 662 928 343 880 90 0 
Truck 2: 0 487 321 121 569 915 259 830 867 668 759 98 557 107 623 276 643 305 853 0 948 246 26 0 206 243 307 691 171 959 255 631 272 598 955 303 0 679 637 565 531 0 
Truck 3: 0 633 775 889 415 274 389 453 122 221 952 457 218 751 600 62 0 92 582 0 198 571 819 752 416 375 732 103 140 976 0 698 464 661 310 879 0 
Truck 4: 0 430 804 224 265 560 127 100 423 911 126 223 267 894 73 278 409 356 120 717 27 0 743 0 776 604 626 216 554 967 715 349 649 370 0 856 496 648 0 
Truck 5: 0 345 125 517 486 806 0 735 636 845 741 0 299 608 44 153 993 0 471 927 87 0 382 935 938 378 767 733 252 942 0 899 52 842 810 779 167 996 196 13 621 448 204 230 792 0 390 0 
Truck 6: 0 659 799 296 139 583 509 93 669 279 624 53 191 0 821 308 503 534 313 760 8 0 301 266 143 978 605 756 0 645 657 188 414 616 9 577 377 405 815 55 632 0 962 0 
Truck 7: 0 173 440 452 429 807 919 997 180 1000 485 555 573 197 368 874 940 568 570 593 0 497 401 0 581 868 536 431 979 67 193 64 402 587 893 590 0 20 947 747 33 36 0 
Truck 8: 0 697 71 365 194 228 379 244 151 584 454 268 603 549 526 371 0 858 638 89 0 755 340 488 176 788 991 847 287 932 567 258 506 513 0 742 884 226 205 350 352 675 168 359 444 738 0 
Truck 9: 0 987 432 79 374 135 489 215 49 994 639 553 682 427 0 312 447 0 696 713 386 0 242 347 702 387 982 451 761 493 559 855 393 818 770 144 77 0 546 0 
Truck 10: 0 700 45 543 214 318 652 888 606 0 43 615 123 0 970 348 235 881 924 777 0 984 492 798 965 0 438 22 814 512 635 397 146 596 0 165 413 428 84 490 0 
Truck 11: 0 846 920 783 886 562 30 225 823 38 772 109 344 912 817 75 467 901 0 953 0 404 746 883 650 118 178 825 0 420 744 81 190 362 54 971 106 95 692 72 292 281 688 968 182 0 522 0 
Truck 12: 0 929 610 699 824 339 913 0 787 175 535 628 0 291 7 800 0 601 0 954 295 0 548 134 988 411 588 790 801 985 184 538 708 403 646 0 866 0 
Truck 13: 0 671 973 3 290 288 541 37 514 383 745 848 0 158 607 532 634 922 0 539 479 104 0 270 594 558 170 422 510 891 579 237 876 332 525 346 327 0 195 15 524 0 
Truck 14: 0 133 907 470 956 203 728 969 208 381 957 860 908 199 142 561 251 0 753 445 238 875 275 613 59 0 904 727 39 529 436 0 437 435 111 958 556 282 406 210 695 245 229 0 466 0 
Truck 15: 0 826 231 882 249 177 873 990 690 459 399 0 566 309 119 916 186 736 0 462 677 0 731 433 316 729 599 456 951 0 769 342 455 795 366 450 262 212 0 857 0 
Drone Routes:
Drone 1: 0 898 791 712 0 950 515 0 707 0 306 0 141 910 474 0 294 396 0 871 337 0 202 820 0 768 114 763 0 936 263 314 0 895 0 897 460 0 709 207 0 
Drone 2: 0 809 672 0 748 764 872 0 76 0 23 311 0 280 816 939 0 315 0 618 0 398 160 0 69 0 58 0 680 925 0 360 527 0 298 105 933 11 169 0 257 0 
Drone 3: 0 357 552 57 0 839 784 155 0 693 499 0 6 730 0 656 0 533 24 0 425 918 61 0 647 945 0 417 78 0 589 0 986 0 892 351 0 28 983 269 222 0 213 373 0 
Drone 4: 0 725 949 476 704 0 51 977 0 612 124 241 137 0 794 689 0 766 130 297 0 60 483 625 0 837 449 0 68 152 0 96 627 0 372 0 550 0 491 694 0 264 0 239 822 0 
Drone 5: 0 502 540 97 147 585 828 0 523 439 0 117 395 0 836 323 233 530 0 706 0 551 851 0 902 477 0 989 17 285 0 961 803 0 762 0 384 0 722 99 0 865 859 0 683 361 0 
Drone 6: 0 921 458 653 0 975 665 283 148 0 716 812 421 50 0 754 0 101 192 162 0 578 995 0 161 0 32 4 154 0 771 0 740 726 0 113 0 66 116 0 838 878 0 630 676 0 
Drone 7: 0 663 658 336 896 0 358 5 931 0 844 0 181 719 617 0 619 187 0 232 418 10 620 0 877 157 0 641 388 0 710 580 0 511 519 0 443 0 611 832 765 0 992 465 0 960 0 
Drone 8: 0 811 609 999 0 528 516 0 909 424 504 394 34 0 31 651 946 0 597 0 805 391 0 778 0 419 19 0 56 797 0 923 885 0 835 335 302 941 0 201 0 980 564 0 703 674 14 0 
Drone 9: 0 85 614 0 410 271 0 998 944 0 903 392 0 521 0 724 149 739 0 289 576 0 145 284 0 248 355 0 981 227 0 660 330 0 701 156 0 47 86 0 602 250 0 
Drone 10: 0 240 83 380 758 0 841 863 0 572 341 655 670 0 320 943 0 94 88 129 0 35 0 833 563 0 138 906 0 217 441 0 926 65 0 595 338 0 720 183 0 481 789 0 172 734 0 
Drone 11: 0 721 46 159 0 163 890 463 0 591 930 0 681 0 480 0 260 723 861 0 234 705 0 547 0 654 834 482 286 0 80 685 0 293 254 687 304 0 678 131 0 325 542 0 831 0 
Drone 12: 0 757 544 136 0 786 495 0 132 737 0 781 0 412 209 0 256 0 247 128 0 774 174 0 545 353 108 0 750 0 446 300 367 0 376 0 686 42 629 0 219 329 25 0 
Drone 13: 0 179 963 0 843 829 261 442 711 0 718 277 112 574 0 461 354 0 849 41 0 220 0 12 520 586 364 0 972 0 684 110 0 484 518 0 914 0 273 468 0 185 900 150 0 622 0 
Drone 14: 0 870 475 236 0 782 934 854 0 16 508 1 773 667 0 426 189 802 0 505 862 808 0 400 434 0 793 0 500 29 0 966 664 0 472 115 0 537 0 974 666 0 478 0 864 253 0 
Drone 15: 0 63 326 0 575 331 0 408 827 164 780 887 0 322 319 0 917 317 0 102 18 0 211 328 0 850 0 200 498 0 501 0 796 640 334 0 333 494 0 852 813 0 40 469 0 
Makespan (objective - latest vehicle finish): 28254 seconds
Total time (sum of all routes - secondary): 718737 seconds
Truck time sum: 374804 seconds
Drone time sum: 343933 seconds
Unserved customers: 0
Overall feasibility: Yes
Average customers per drone sortie (depot-to-depot): 2.1866
Average customers per truck sortie (depot-to-depot): 7.24
Instance: instance/1000.30.2.txt  Time: 7354.32 ms
