Attempts: 5
Selected attempt (0-based): 2
Truck Routes:
Truck 1: 0 398 266 35 367 88 216 146 576 585 32 917 533 422 6 91 0 985 969 0 473 440 997 907 48 127 750 340 269 629 719 0 646 502 503 271 360 947 852 391 0 72 859 290 0 
Truck 2: 0 986 998 657 760 557 427 312 29 775 96 615 809 245 0 207 876 892 749 821 519 607 128 429 967 962 530 0 920 716 815 346 187 142 392 337 173 457 916 280 42 350 281 167 0 332 922 0 
Truck 3: 0 285 902 18 103 69 667 943 961 294 516 563 300 465 234 0 656 865 956 200 0 494 330 975 303 720 609 138 644 596 111 97 0 878 625 188 566 773 970 296 940 51 0 
Truck 4: 0 862 36 262 877 318 164 140 236 231 598 298 923 604 249 934 0 843 958 155 890 888 678 0 636 101 24 175 410 602 86 215 0 655 776 906 489 315 198 204 599 909 639 594 112 927 0 
Truck 5: 0 550 965 199 344 289 839 0 564 707 55 918 331 0 854 677 0 869 301 670 889 0 178 996 251 950 433 375 0 309 156 282 243 77 525 105 416 404 116 905 631 109 60 614 0 785 669 174 0 
Truck 6: 0 603 150 136 434 311 771 745 832 507 868 781 871 803 113 357 560 946 0 930 0 532 321 812 78 213 472 0 624 845 221 0 11 768 712 222 780 244 499 0 
Truck 7: 0 953 214 551 56 592 191 610 925 43 904 104 411 858 844 124 813 0 154 478 792 789 0 658 274 546 0 335 767 932 385 770 166 688 796 0 565 30 292 715 0 
Truck 8: 0 288 479 924 757 23 275 443 389 417 291 652 597 0 578 913 0 806 829 805 0 430 673 190 874 93 195 589 310 573 733 0 278 396 284 316 0 
Truck 9: 0 511 572 345 555 463 872 721 71 358 896 413 196 521 0 194 183 259 482 102 0 229 680 649 960 64 0 819 415 54 606 8 554 941 873 850 935 388 122 172 963 0 125 663 897 0 
Truck 10: 0 553 197 57 867 362 0 121 687 0 653 699 467 0 605 13 764 0 828 944 582 461 827 514 63 0 50 548 114 21 682 759 132 778 336 0 
Truck 11: 0 74 308 938 137 728 0 547 119 601 735 0 807 849 224 0 208 407 520 951 755 0 260 235 383 120 203 837 703 0 685 895 559 705 662 464 980 0 
Truck 12: 0 106 401 834 349 739 359 747 227 163 73 988 176 552 0 823 518 818 267 408 661 0 424 420 945 405 0 696 966 3 558 738 510 247 820 545 1000 273 645 743 509 378 0 152 53 713 736 458 0 648 0 
Truck 13: 0 881 798 901 456 808 485 676 390 419 544 400 915 701 0 371 496 0 568 481 387 28 0 549 67 490 377 797 495 574 0 255 374 324 201 320 0 
Truck 14: 0 220 982 794 571 977 627 647 974 621 170 976 256 866 694 40 421 884 0 848 406 957 0 836 162 616 382 875 972 354 460 230 0 758 714 577 379 0 
Truck 15: 0 466 462 454 583 643 370 948 709 992 508 423 737 742 299 708 954 449 0 893 403 276 192 623 0 83 240 68 628 887 5 325 376 366 786 528 0 999 857 38 540 27 931 361 600 351 523 0 
Drone Routes:
Drone 1: 0 168 268 666 0 826 725 0 595 500 157 307 0 942 987 0 22 4 397 0 640 593 0 817 0 70 704 0 80 0 679 0 612 232 0 252 949 0 148 536 0 283 0 959 0 
Drone 2: 0 450 731 0 94 788 686 0 339 87 851 0 774 611 0 84 0 14 225 0 327 117 0 861 727 0 287 838 0 414 710 0 139 0 693 459 0 847 126 0 804 919 0 
Drone 3: 0 732 169 569 0 59 524 0 428 763 0 802 784 0 476 984 0 395 0 586 659 0 835 779 182 0 575 484 0 994 118 782 0 436 373 0 233 697 0 85 952 0 409 0 
Drone 4: 0 437 491 488 535 0 425 730 179 364 939 0 753 492 995 0 937 65 664 0 304 61 0 517 675 863 341 439 0 885 580 0 660 0 89 754 165 0 800 95 0 650 0 630 0 286 898 0 279 475 0 
Drone 5: 0 135 10 0 811 160 223 968 0 228 66 0 141 471 115 302 0 418 0 671 0 674 0 617 394 964 0 608 766 0 431 543 0 955 587 0 412 914 0 384 90 0 297 33 0 
Drone 6: 0 45 855 0 239 512 0 100 444 0 971 253 0 883 531 0 795 539 0 365 272 0 860 143 886 979 41 0 185 911 313 0 790 76 0 19 212 0 501 538 0 265 0 831 129 0 
Drone 7: 0 469 181 0 145 82 0 762 632 446 498 0 470 79 338 0 193 0 681 98 0 480 477 0 210 981 864 0 513 0 393 1 15 0 295 151 0 783 840 0 894 0 186 0 
Drone 8: 0 248 353 402 0 144 250 258 0 39 0 928 856 0 651 0 363 0 486 668 0 748 0 487 435 0 989 149 0 261 695 0 841 52 0 219 381 0 505 9 242 0 
Drone 9: 0 588 506 672 0 153 483 0 130 447 0 58 16 0 846 0 445 322 527 0 369 0 746 442 131 0 2 741 0 237 973 180 0 328 317 110 0 641 853 0 306 0 211 740 0 772 0 
Drone 10: 0 793 734 25 0 900 342 0 158 618 654 326 161 314 744 0 787 0 769 0 334 134 0 171 44 0 556 991 0 822 108 209 0 319 825 0 581 12 0 305 426 254 0 37 0 684 613 504 0 
Drone 11: 0 691 619 0 622 75 0 791 729 0 31 399 761 0 26 584 590 0 7 722 0 899 983 816 0 777 205 0 921 561 0 34 47 0 683 799 537 0 356 0 718 717 0 634 0 
Drone 12: 0 474 626 348 0 438 455 0 912 257 0 343 0 329 270 698 0 522 238 0 147 724 0 637 246 0 92 910 0 264 368 0 62 880 0 706 842 107 0 20 542 0 702 0 
Drone 13: 0 515 347 0 752 926 0 202 756 0 355 0 633 0 990 591 323 0 380 700 0 978 0 432 562 0 689 184 0 711 0 526 0 159 0 241 372 0 
Drone 14: 0 567 833 226 0 814 830 99 0 529 0 570 0 726 497 0 177 493 638 0 810 0 448 929 0 579 0 870 333 933 0 534 217 0 46 17 133 0 765 0 49 0 
Drone 15: 0 824 879 0 993 903 908 0 642 189 0 277 81 620 723 0 123 0 690 0 801 386 0 451 218 0 891 665 263 0 882 936 0 452 352 635 751 0 206 0 468 692 293 0 441 453 0 541 0 
Makespan (objective - latest vehicle finish): 34283.7 seconds
Total time (sum of all routes - secondary): 932159 seconds
Truck time sum: 482385 seconds
Drone time sum: 449774 seconds
Unserved customers: 0
Overall feasibility: Yes
Average customers per drone sortie (depot-to-depot): 2.0939
Average customers per truck sortie (depot-to-depot): 7.38667
Instance: instance/1000.40.2.txt  Time: 7425.78 ms
