Attempts: 3
Selected attempt (0-based): 1
Truck Routes:
Truck 1: 0 483 980 325 0 459 273 0 197 427 973 979 0 147 434 966 462 146 710 470 753 0 791 138 0 705 746 302 829 758 46 956 37 151 731 814 591 171 55 0 416 588 0 
Truck 2: 0 319 449 772 732 274 969 401 0 698 646 822 694 744 913 451 392 538 0 283 452 16 953 0 353 689 509 543 492 570 933 112 741 989 236 172 712 0 918 0 
Truck 3: 0 86 890 95 770 763 0 78 366 226 465 59 358 677 726 0 811 985 775 0 631 537 724 515 513 739 866 472 778 0 144 690 984 0 
Truck 4: 0 852 477 835 0 672 776 977 812 75 957 339 837 769 796 0 674 522 597 129 757 394 185 398 0 639 600 45 702 848 58 722 572 304 167 661 845 578 575 0 
Truck 5: 0 159 733 464 6 399 0 609 876 0 516 496 665 577 683 27 877 0 484 878 0 679 828 1000 799 926 904 0 245 714 31 0 
Truck 6: 0 556 604 994 32 495 911 934 468 130 615 271 716 374 0 587 23 454 548 356 0 971 482 296 745 607 17 676 574 659 899 381 293 80 0 318 320 253 113 840 802 390 0 
Truck 7: 0 295 817 638 404 91 137 529 644 592 640 263 573 766 0 312 583 586 869 33 704 458 473 0 485 567 771 730 0 715 519 400 858 412 294 21 387 343 508 0 986 599 0 
Truck 8: 0 100 792 857 560 0 342 114 50 216 419 568 444 0 109 44 166 267 507 0 735 352 478 328 178 440 648 217 101 442 0 331 601 742 546 611 514 626 0 
Truck 9: 0 170 571 807 448 104 0 884 182 754 847 81 0 229 201 123 761 7 0 582 965 907 880 467 991 239 248 0 259 788 846 0 
Truck 10: 0 359 992 126 841 437 238 0 693 886 534 656 0 566 779 579 821 990 360 0 838 781 163 79 764 56 728 569 862 653 0 936 287 415 61 697 212 882 25 222 67 511 148 0 
Truck 11: 0 10 453 161 0 562 532 0 617 688 490 420 808 200 734 896 305 92 932 0 629 347 627 701 976 421 276 649 116 0 389 719 711 192 662 865 190 4 52 489 871 523 402 0 174 0 
Truck 12: 0 156 371 247 1 678 961 717 83 168 630 463 98 0 557 15 275 323 0 218 466 823 257 853 504 941 0 432 136 667 820 18 955 872 269 220 783 895 960 0 
Truck 13: 0 798 410 290 0 787 315 334 277 889 0 605 193 346 686 901 682 102 0 549 94 898 423 633 636 382 905 773 815 867 240 329 207 68 0 280 963 768 82 446 0 
Truck 14: 0 925 675 232 338 0 915 164 756 0 122 750 860 13 0 335 606 942 34 870 438 72 299 0 542 8 183 108 885 361 737 278 919 0 256 191 244 906 348 378 879 426 668 670 510 111 388 948 0 74 0 
Truck 15: 0 303 5 962 988 684 87 298 286 843 0 39 376 951 524 0 431 0 765 284 340 461 498 433 3 22 447 594 202 0 893 322 581 48 806 800 350 0 365 0 
Drone Routes:
Drone 1: 0 924 70 471 707 0 660 26 0 967 685 300 0 551 687 231 0 749 618 0 405 593 839 0 553 266 0 713 527 622 0 54 330 0 36 0 409 53 0 499 0 983 993 0 225 999 0 696 681 810 0 351 255 0 
Drone 2: 0 35 666 0 725 892 938 0 873 281 923 106 0 883 952 0 720 189 0 63 0 589 391 0 740 813 774 864 0 709 417 0 160 621 0 441 261 0 759 0 479 559 0 428 887 0 377 76 0 614 0 403 0 
Drone 3: 0 657 755 0 251 975 558 0 375 481 0 47 0 188 0 215 85 491 0 550 0 637 0 439 173 987 0 940 0 861 0 132 0 321 0 265 894 297 0 234 819 0 354 533 0 154 0 
Drone 4: 0 73 939 0 612 69 613 0 149 198 0 863 11 0 327 211 324 0 540 803 0 291 525 0 272 0 364 598 0 317 978 0 909 0 372 0 902 435 0 250 309 0 19 785 235 0 455 0 
Drone 5: 0 632 120 0 380 602 221 0 908 554 0 502 0 777 487 0 827 406 0 825 383 0 958 0 326 930 0 64 530 0 110 0 826 0 854 700 914 0 84 308 526 832 0 603 89 0 203 0 
Drone 6: 0 928 520 0 205 194 0 801 816 0 501 460 29 0 233 708 671 0 336 493 0 177 881 0 972 620 0 673 0 289 0 721 706 0 436 0 833 0 107 41 0 150 0 393 647 0 
Drone 7: 0 505 97 0 65 0 307 187 249 0 544 121 0 219 0 623 135 71 0 692 0 917 762 0 950 425 0 795 552 0 12 0 157 850 625 0 227 0 357 310 0 528 0 131 128 0 
Drone 8: 0 270 230 818 0 480 805 314 0 494 497 997 0 891 946 0 292 209 152 0 175 333 0 165 624 937 0 20 62 0 910 645 0 127 422 0 959 9 0 180 0 224 849 0 38 780 93 0 943 210 0 680 0 
Drone 9: 0 24 119 922 0 370 169 804 0 789 242 443 0 258 0 580 669 260 0 903 43 0 237 844 855 0 246 729 0 349 486 0 503 794 0 723 0 408 0 842 345 0 784 105 0 875 916 0 738 0 650 0 
Drone 10: 0 196 430 851 0 456 616 0 279 539 0 981 0 311 228 0 99 982 139 0 208 0 368 0 252 691 396 954 0 49 243 0 699 142 0 282 66 651 0 595 264 0 888 90 0 900 418 0 643 0 703 0 
Drone 11: 0 760 179 927 367 313 654 0 921 974 964 0 397 0 57 0 945 695 563 0 868 0 332 373 0 500 14 752 610 0 369 0 51 0 206 748 0 469 0 158 767 0 831 0 590 379 0 341 555 0 
Drone 12: 0 385 564 0 96 88 301 0 968 996 204 0 531 125 474 0 285 0 998 718 0 541 115 268 0 40 0 424 0 584 576 0 793 355 0 635 0 407 411 0 199 596 133 0 288 658 0 809 0 
Drone 13: 0 344 363 664 0 195 790 0 641 0 2 0 145 736 176 0 655 140 0 450 834 0 944 28 0 536 0 414 642 897 920 0 782 0 517 0 306 60 561 0 254 608 0 118 931 0 42 0 830 0 
Drone 14: 0 337 184 475 0 521 970 0 488 223 0 362 949 395 0 476 874 0 512 912 77 0 124 0 143 186 859 0 413 141 628 0 547 0 457 797 0 786 663 0 429 134 0 929 316 0 103 751 0 652 0 
Drone 15: 0 386 506 0 995 241 0 619 535 0 727 545 0 213 518 935 0 565 181 0 384 0 824 0 214 117 0 585 634 0 747 155 0 836 0 743 30 856 0 947 262 0 162 153 0 445 0 
Makespan (objective - latest vehicle finish): 20791.2 seconds
Total time (sum of all routes - secondary): 553206 seconds
Truck time sum: 285020 seconds
Drone time sum: 268185 seconds
Unserved customers: 0
Overall feasibility: Yes
Average customers per drone sortie (depot-to-depot): 1.98367
Average customers per truck sortie (depot-to-depot): 6.50633
Instance: instance/1000.20.3.txt  Time: 4249.78 ms
