Attempts: 5
Selected attempt (0-based): 0
Truck Routes:
Truck 1: 0 123 54 662 705 194 221 838 682 492 355 691 618 646 184 522 0 152 52 0 146 474 0 234 917 839 556 77 89 730 30 17 702 767 613 0 151 597 735 989 918 12 0 
Truck 2: 0 655 320 392 897 120 211 987 318 501 395 390 109 150 245 381 46 291 0 220 96 0 341 49 983 875 732 765 237 885 0 894 715 134 963 537 485 933 549 594 240 707 0 
Truck 3: 0 175 956 389 306 905 727 407 190 506 481 102 174 693 778 818 41 559 676 0 833 370 530 430 108 635 0 823 895 80 467 985 417 615 585 722 587 988 290 982 257 0 66 225 736 739 0 
Truck 4: 0 69 994 130 22 785 754 686 619 961 513 327 37 463 67 762 0 398 979 0 824 761 1000 397 230 867 667 518 677 734 0 928 878 0 
Truck 5: 0 342 166 822 3 418 937 0 157 183 297 512 930 0 462 825 521 868 0 654 0 758 168 602 826 614 427 97 951 270 308 592 31 275 361 310 0 792 26 11 82 433 351 746 499 0 975 0 
Truck 6: 0 43 171 525 661 142 899 34 167 671 4 793 699 0 608 47 0 622 191 806 657 624 1 104 0 976 350 313 50 441 317 296 998 156 249 0 603 0 
Truck 7: 0 755 692 437 672 423 359 107 456 595 520 949 145 589 797 0 28 813 617 0 796 358 425 477 750 819 968 471 416 231 115 840 0 48 776 782 817 0 
Truck 8: 0 681 371 575 698 243 965 192 986 630 303 650 710 708 990 195 0 448 648 616 144 652 0 188 124 574 911 914 656 884 578 262 811 922 482 185 862 0 459 374 13 841 280 56 0 
Truck 9: 0 751 300 639 843 479 853 632 380 162 766 405 680 19 472 871 576 363 790 475 0 273 810 0 953 689 244 0 664 706 798 375 464 176 669 478 0 215 898 913 424 944 638 33 419 394 704 0 
Truck 10: 0 58 628 712 731 713 683 415 0 644 908 436 642 223 996 539 854 0 27 742 382 131 199 0 328 600 598 158 285 941 601 625 159 232 569 155 960 543 970 858 0 59 241 476 943 938 321 186 991 831 0 
Truck 11: 0 711 337 494 591 570 148 6 39 612 737 700 205 352 0 666 0 651 830 645 584 670 8 258 287 0 916 679 466 9 92 487 23 733 0 132 0 
Truck 12: 0 409 259 696 213 925 491 0 659 315 40 0 929 848 325 457 206 903 0 847 0 490 581 0 745 294 637 99 586 891 580 81 426 860 0 599 947 91 695 391 611 0 53 307 609 0 
Truck 13: 0 388 447 764 719 403 72 203 533 322 571 61 534 687 827 504 344 0 83 0 329 161 440 272 524 510 551 910 36 0 473 283 620 678 516 14 959 535 434 0 526 0 
Truck 14: 0 547 607 278 877 709 164 332 200 469 0 863 519 57 879 385 78 855 208 0 364 357 0 74 149 252 950 643 18 738 787 631 788 653 980 777 0 977 760 886 741 336 789 636 55 717 582 21 0 
Truck 15: 0 455 909 978 421 143 726 869 100 347 720 649 71 0 254 324 412 561 207 0 312 263 836 756 420 103 992 44 414 64 383 483 0 809 901 558 0 
Drone Routes:
Drone 1: 0 606 2 859 0 954 0 400 771 0 573 0 32 0 568 165 333 748 0 927 236 432 0 339 0 523 0 814 326 0 445 0 919 376 311 0 747 837 0 509 593 0 
Drone 2: 0 461 605 900 0 178 0 340 0 553 431 0 75 888 135 0 846 536 0 502 674 0 773 0 29 889 0 489 0 452 723 893 0 896 604 641 0 743 808 0 505 435 851 0 
Drone 3: 0 834 119 137 0 802 0 444 299 0 572 815 621 0 298 304 0 112 0 873 160 0 583 0 281 85 0 718 0 940 0 729 292 856 795 0 402 247 0 404 163 0 
Drone 4: 0 517 779 0 16 330 126 0 251 545 261 0 128 0 125 675 0 772 800 0 610 0 465 201 288 0 238 453 0 721 548 413 0 218 981 0 816 0 931 0 177 0 408 783 367 0 
Drone 5: 0 377 497 140 0 775 958 0 926 946 422 0 850 38 0 301 967 210 563 740 0 694 907 0 197 564 0 84 98 0 348 904 0 378 101 0 86 0 362 248 214 0 892 396 540 0 801 470 0 
Drone 6: 0 42 110 596 0 744 0 799 0 514 0 25 0 588 0 957 668 0 468 335 0 757 703 0 95 0 51 216 0 566 936 0 995 0 454 857 0 
Drone 7: 0 658 749 0 550 202 284 0 971 969 0 999 0 890 360 948 0 7 319 966 0 226 952 493 0 217 872 0 728 111 647 0 212 250 0 121 94 0 503 882 0 450 193 0 172 0 88 0 
Drone 8: 0 883 399 76 0 274 912 428 0 562 63 0 139 267 0 365 0 386 87 0 881 295 0 180 366 0 169 921 219 541 0 955 532 0 60 665 0 372 62 0 279 314 331 0 807 972 0 
Drone 9: 0 443 343 0 544 20 780 786 0 567 590 0 870 629 282 0 906 0 560 0 554 458 633 507 133 0 90 0 842 0 508 932 0 660 828 0 401 316 0 222 182 0 864 0 
Drone 10: 0 866 271 0 724 835 484 0 861 542 0 845 269 0 451 10 0 179 0 552 770 0 935 0 962 268 0 784 0 106 438 0 114 0 500 974 0 924 531 204 0 768 0 
Drone 11: 0 690 170 0 794 663 0 865 0 934 181 265 0 65 0 196 0 256 0 684 627 323 0 70 640 920 0 68 264 0 5 289 209 0 246 673 752 0 442 187 276 0 446 0 233 0 
Drone 12: 0 73 486 0 805 0 118 634 0 239 0 122 0 973 305 229 0 349 460 0 286 228 876 0 153 0 154 113 725 0 844 577 0 379 0 488 939 829 0 812 942 759 266 0 353 0 
Drone 13: 0 260 346 0 753 387 0 141 774 701 0 449 0 410 498 0 369 116 309 0 685 302 0 528 0 557 902 93 874 0 515 915 0 495 993 0 820 0 555 984 0 354 338 235 0 852 0 
Drone 14: 0 384 538 0 224 923 0 253 373 763 0 79 356 0 887 15 496 0 117 964 189 0 997 406 0 579 129 0 546 334 0 147 0 626 45 781 0 227 0 623 138 0 511 803 0 
Drone 15: 0 821 769 849 0 173 277 0 429 0 255 804 127 0 832 688 0 527 716 105 0 697 529 880 0 393 439 0 714 35 0 242 368 293 0 24 198 0 411 480 0 791 345 945 0 565 136 0 
Makespan (objective - latest vehicle finish): 34435.1 seconds
Total time (sum of all routes - secondary): 921082 seconds
Truck time sum: 471231 seconds
Drone time sum: 449851 seconds
Unserved customers: 0
Overall feasibility: Yes
Average customers per drone sortie (depot-to-depot): 2.05093
Average customers per truck sortie (depot-to-depot): 7.52703
Instance: instance/1000.40.4.txt  Time: 7418.62 ms
