Attempts: 5
Selected attempt (0-based): 3
Truck Routes:
Truck 1: 0 399 18 941 195 474 839 666 121 750 925 153 509 662 246 0 997 795 504 647 87 631 232 0 659 612 113 985 262 524 0 816 149 88 172 910 140 898 160 358 0 
Truck 2: 0 814 323 275 582 633 862 942 904 256 510 390 818 569 560 681 577 872 0 854 1 410 414 187 255 674 651 146 0 894 131 422 39 110 764 709 634 64 0 240 974 85 0 
Truck 3: 0 877 298 432 914 786 617 530 286 863 763 82 40 396 462 456 376 482 0 264 28 336 296 0 2 230 57 931 450 534 453 540 416 458 257 880 0 403 0 
Truck 4: 0 710 980 61 355 946 186 691 330 701 324 675 263 755 169 503 888 0 124 676 783 733 480 293 867 437 758 0 726 68 826 759 498 549 221 0 66 315 623 145 561 692 0 
Truck 5: 0 543 50 209 808 532 905 401 0 648 463 8 930 987 971 0 751 884 268 9 0 757 42 752 404 434 357 0 243 999 130 329 227 282 843 466 177 0 5 595 547 0 
Truck 6: 0 464 629 828 514 36 916 685 321 318 695 371 0 566 15 476 994 213 668 406 184 125 747 0 159 379 717 882 794 0 7 392 613 444 489 804 936 472 976 260 373 0 496 0 
Truck 7: 0 777 10 479 565 305 714 212 703 518 991 116 73 0 765 83 134 574 553 46 152 157 0 271 669 978 852 452 0 823 194 0 661 448 500 309 881 349 820 993 535 0 
Truck 8: 0 417 615 810 16 337 964 460 289 696 0 901 166 402 581 0 956 528 340 41 199 853 259 220 606 684 697 0 792 225 975 380 400 81 297 0 900 650 0 
Truck 9: 0 354 494 251 693 319 596 344 236 389 118 618 0 652 22 0 841 875 441 760 191 182 0 206 362 801 424 988 126 0 443 435 24 969 636 0 729 0 
Truck 10: 0 176 393 388 446 247 250 598 909 242 231 625 0 423 893 0 486 218 809 899 837 431 197 789 342 0 442 635 802 538 0 614 955 732 306 368 959 778 173 642 624 127 0 
Truck 11: 0 564 180 384 768 331 989 803 935 949 734 0 912 519 79 25 892 78 0 937 294 671 952 53 427 0 630 96 32 361 0 60 326 869 35 301 870 0 
Truck 12: 0 773 457 451 316 526 552 707 4 397 102 580 0 360 312 478 0 754 958 704 557 495 71 850 782 938 0 449 89 542 0 897 929 375 602 597 657 771 972 335 520 921 253 385 911 273 986 861 0 
Truck 13: 0 207 219 270 156 506 425 845 295 718 556 120 343 558 0 97 798 455 109 0 723 151 67 426 918 98 521 790 742 0 632 190 849 568 0 200 133 720 378 93 183 346 848 62 805 459 0 
Truck 14: 0 829 622 313 483 907 953 515 366 158 501 258 730 605 469 957 817 0 181 367 708 154 672 356 266 350 559 954 0 970 830 193 860 541 874 269 996 117 99 0 781 205 132 175 47 0 
Truck 15: 0 753 831 155 950 101 628 575 784 653 563 325 933 49 493 461 491 0 283 546 383 398 338 65 0 600 545 0 864 739 793 179 103 891 741 241 531 677 813 0 277 0 
Drone Routes:
Drone 1: 0 111 665 967 591 0 429 984 749 0 292 84 533 214 0 866 92 0 961 204 0 673 267 0 601 855 0 351 334 386 0 1000 0 27 0 139 712 364 0 322 0 924 142 0 12 0 
Drone 2: 0 507 196 639 377 37 0 890 819 966 0 523 381 0 80 0 836 484 0 656 551 0 104 0 658 19 0 920 797 0 235 995 0 644 951 0 761 562 0 645 488 0 917 265 0 
Drone 3: 0 626 513 290 0 261 164 699 0 148 567 0 621 0 189 369 34 0 100 512 982 0 554 143 0 548 0 353 678 0 77 0 915 680 147 0 505 112 302 0 55 687 0 141 14 0 
Drone 4: 0 223 859 278 0 599 370 0 686 499 772 0 815 670 0 589 287 0 977 745 341 0 54 0 609 237 0 382 0 299 216 69 0 927 705 0 481 0 702 276 0 487 0 
Drone 5: 0 372 928 201 0 11 731 572 0 274 0 447 825 663 0 719 827 0 339 359 838 0 210 807 0 746 23 0 643 856 0 419 0 858 0 59 919 0 272 570 0 90 607 0 
Drone 6: 0 593 583 0 769 188 0 56 170 0 962 525 0 539 0 834 679 744 0 721 6 0 174 990 0 544 492 715 0 211 0 806 776 0 939 0 320 408 0 748 791 0 846 0 
Drone 7: 0 550 788 527 497 0 291 588 208 0 150 0 144 202 95 0 185 873 52 0 485 348 0 76 603 0 178 0 17 0 973 0 105 682 724 0 163 471 865 0 129 0 725 832 0 
Drone 8: 0 234 198 428 0 433 244 0 215 738 248 314 0 413 86 0 800 0 857 43 787 0 122 0 226 115 0 735 844 123 0 411 0 345 0 913 963 0 192 842 74 0 31 0 
Drone 9: 0 689 700 536 317 445 0 767 252 690 0 886 637 477 467 0 238 835 0 796 33 137 454 0 655 438 0 20 0 391 646 0 851 616 0 233 0 947 332 0 722 352 307 0 555 162 63 716 0 992 0 165 0 
Drone 10: 0 168 640 171 0 420 412 0 926 421 667 203 0 766 0 280 288 908 0 945 0 465 387 0 774 895 0 279 511 0 310 592 0 228 584 811 0 740 821 0 45 0 303 30 0 
Drone 11: 0 660 94 128 0 161 108 0 473 0 239 470 0 688 737 847 824 58 0 694 436 0 871 29 0 743 475 840 0 608 960 0 285 508 0 394 903 0 799 418 0 948 167 590 0 328 0 
Drone 12: 0 579 706 0 775 878 785 0 284 0 604 770 0 3 822 0 468 619 0 304 0 883 610 0 440 0 502 654 0 254 0 649 217 0 638 347 529 0 308 365 0 
Drone 13: 0 517 968 594 0 965 998 327 611 405 0 72 713 879 0 136 944 281 0 620 0 38 868 711 44 0 943 902 812 0 587 26 0 779 0 586 0 833 415 0 887 762 0 91 698 0 395 245 0 
Drone 14: 0 979 983 107 0 138 981 224 932 934 0 119 585 728 0 889 537 0 48 885 0 922 0 106 0 780 0 896 0 75 571 0 409 0 114 430 0 923 0 727 0 736 0 
Drone 15: 0 490 876 333 0 229 627 439 0 940 70 664 0 407 641 0 135 222 516 0 51 0 300 363 0 374 0 21 249 578 573 0 13 0 576 0 683 311 0 906 0 522 756 0 
Makespan (objective - latest vehicle finish): 19086 seconds
Total time (sum of all routes - secondary): 508635 seconds
Truck time sum: 261437 seconds
Drone time sum: 247198 seconds
Unserved customers: 0
Overall feasibility: Yes
Average customers per drone sortie (depot-to-depot): 2.11737
Average customers per truck sortie (depot-to-depot): 7.625
Instance: instance/1000.20.1.txt  Time: 7416.42 ms
