Attempts: 5
Selected attempt (0-based): 2
Truck Routes:
Truck 1: 0 902 325 421 107 594 948 588 341 20 54 0 912 741 900 380 179 85 737 289 988 647 0 968 526 72 738 145 630 0 957 445 751 653 315 764 71 40 0 953 230 264 955 0 84 0 
Truck 2: 0 489 345 227 749 386 641 909 976 590 531 2 914 426 556 0 267 209 960 30 614 858 411 32 0 567 864 39 200 364 977 33 586 155 767 0 550 908 295 0 597 0 
Truck 3: 0 486 970 3 887 695 473 512 467 729 660 204 792 0 468 983 628 213 192 154 589 104 0 398 27 462 514 423 121 871 401 872 0 706 575 496 942 317 385 0 275 0 
Truck 4: 0 756 494 870 282 800 895 867 339 320 664 904 17 511 0 311 529 238 169 164 76 402 0 925 516 796 331 768 193 0 552 964 722 705 266 167 360 0 837 370 0 
Truck 5: 0 252 674 779 454 538 217 180 173 644 474 24 0 226 479 571 945 256 785 537 0 74 665 681 700 615 818 0 530 150 990 400 659 273 652 827 253 809 642 0 47 638 610 0 855 0 
Truck 6: 0 961 191 296 663 477 798 168 846 671 225 521 0 140 805 425 697 507 811 290 0 772 525 151 196 683 732 699 0 934 23 682 92 918 413 201 0 879 643 0 
Truck 7: 0 769 322 12 356 99 260 940 11 713 197 926 546 513 621 0 262 721 995 786 686 518 0 506 460 569 636 205 865 500 447 0 634 61 185 128 0 743 0 
Truck 8: 0 998 905 898 541 562 783 165 162 619 89 850 122 208 715 0 78 626 987 142 748 249 560 0 31 459 598 884 759 482 111 677 439 493 498 0 600 803 540 0 579 0 
Truck 9: 0 593 393 651 215 629 359 163 75 845 0 582 37 492 667 456 726 661 563 0 676 627 189 866 876 497 0 723 784 694 509 194 933 0 648 698 969 692 889 0 153 0 
Truck 10: 0 502 202 149 438 923 70 305 333 585 0 136 198 943 613 93 936 816 160 0 435 565 335 703 132 432 930 0 457 346 388 755 181 559 60 720 464 742 314 0 42 527 470 0 187 0 
Truck 11: 0 274 372 147 87 113 814 488 399 336 0 822 753 766 544 206 465 414 330 0 170 824 510 775 580 656 323 0 391 94 646 825 724 19 991 965 318 415 0 536 259 881 329 0 
Truck 12: 0 687 892 59 367 522 828 886 131 745 924 604 0 410 901 53 293 849 833 223 0 637 234 906 691 300 851 877 471 0 95 888 207 124 635 67 607 0 186 678 0 
Truck 13: 0 332 910 77 967 787 327 852 143 0 669 716 57 21 351 66 448 243 52 0 442 22 776 491 765 620 0 210 728 247 835 269 461 0 882 396 485 244 874 632 0 362 0 
Truck 14: 0 891 258 86 972 519 633 138 880 782 773 946 368 0 966 657 245 483 58 612 0 7 829 862 126 366 503 304 617 395 763 63 0 110 861 280 875 780 452 355 0 684 377 0 
Truck 15: 0 894 458 950 182 649 501 696 309 819 408 203 172 0 80 480 963 666 719 49 688 36 0 123 139 152 422 348 0 595 135 350 574 578 591 338 0 840 211 277 18 573 0 
Drone Routes:
Drone 1: 0 233 321 523 0 979 937 0 788 357 0 308 365 0 443 919 0 240 899 0 433 159 0 129 310 0 68 789 0 832 0 119 584 0 896 0 276 799 668 0 114 0 
Drone 2: 0 954 808 446 0 592 141 302 0 907 804 0 342 558 101 0 911 268 0 175 278 0 712 392 0 707 868 0 917 0 424 999 0 171 0 499 0 271 371 0 986 51 0 
Drone 3: 0 353 45 292 0 555 412 0 43 0 97 0 44 0 535 118 0 183 343 0 752 0 739 117 0 326 860 0 760 16 0 771 0 997 839 791 0 156 476 0 
Drone 4: 0 623 830 254 0 655 10 354 130 291 777 0 38 978 548 0 161 29 0 116 0 340 0 834 675 0 429 0 856 363 0 975 0 427 790 0 73 434 921 0 495 0 26 0 
Drone 5: 0 601 731 56 878 951 0 441 841 220 770 581 0 603 403 0 959 952 0 625 690 236 0 702 539 0 847 929 0 286 134 0 673 0 100 436 0 440 781 0 303 487 0 450 0 279 28 0 
Drone 6: 0 576 120 754 0 381 69 224 599 0 515 272 0 246 0 144 587 0 820 533 390 0 15 48 0 404 416 0 405 0 349 561 0 319 174 0 373 46 797 0 735 982 0 670 115 0 
Drone 7: 0 974 938 534 0 199 242 190 0 13 0 98 0 383 397 0 903 337 0 843 146 0 232 301 0 112 166 812 0 710 484 251 0 478 218 0 662 725 0 608 428 0 55 0 65 0 
Drone 8: 0 35 177 680 807 897 730 0 685 430 989 0 96 41 0 572 212 0 127 347 0 409 794 0 973 984 762 0 717 9 736 0 239 996 0 971 382 176 0 4 287 0 873 8 0 609 774 0 802 734 0 
Drone 9: 0 288 944 711 158 157 316 0 542 838 949 645 0 313 602 237 0 257 893 1 0 956 640 0 596 0 941 0 444 0 184 568 0 583 566 0 761 939 0 229 927 0 758 504 0 842 0 
Drone 10: 0 935 102 962 0 853 947 547 0 188 106 0 265 778 605 0 449 0 551 693 407 0 554 549 0 5 624 0 248 418 616 0 125 821 0 701 285 0 689 631 931 0 740 83 0 848 517 0 
Drone 11: 0 352 543 82 932 0 137 817 437 505 0 384 844 545 0 294 241 0 469 0 358 0 733 0 606 419 0 148 570 826 0 389 0 744 453 980 34 0 344 490 64 0 928 0 270 0 
Drone 12: 0 801 869 0 993 455 0 369 14 81 0 103 708 387 0 417 831 0 718 524 0 216 922 378 0 815 312 0 704 376 361 0 235 0 520 50 0 885 0 475 611 0 994 105 0 
Drone 13: 0 920 577 108 0 394 451 0 261 299 0 284 823 654 0 420 795 328 0 90 472 0 221 750 431 298 0 564 0 283 0 374 658 0 618 0 109 79 0 913 915 0 639 859 0 
Drone 14: 0 532 981 0 890 178 714 297 0 307 88 0 836 62 0 813 0 958 854 195 0 916 214 0 810 985 0 747 0 324 0 746 0 679 0 133 463 481 0 672 334 0 
Drone 15: 0 557 622 0 219 757 806 0 250 25 255 0 281 992 0 793 379 0 863 91 528 0 553 709 263 0 222 1000 231 0 375 0 306 466 0 650 857 0 406 228 0 508 727 6 0 883 0 
Makespan (objective - latest vehicle finish): 12101.2 seconds
Total time (sum of all routes - secondary): 306926 seconds
Truck time sum: 168323 seconds
Drone time sum: 138604 seconds
Unserved customers: 0
Overall feasibility: Yes
Average customers per drone sortie (depot-to-depot): 2.15166
Average customers per truck sortie (depot-to-depot): 6.825
Instance: instance/1000.10.4.txt  Time: 7280.42 ms
