Attempts: 5
Selected attempt (0-based): 1
Truck Routes:
Truck 1: 0 110 65 295 700 125 152 332 882 741 881 361 266 0 683 47 0 987 156 921 330 451 0 448 146 440 959 88 777 101 417 422 730 243 0 196 920 104 502 986 117 292 735 801 0 
Truck 2: 0 544 291 690 163 488 888 905 931 142 970 886 951 797 225 808 641 465 0 490 978 184 0 386 17 85 977 228 974 869 962 855 473 519 0 535 499 171 0 
Truck 3: 0 43 368 953 819 994 569 719 834 29 558 557 599 162 998 549 436 635 600 0 712 423 167 283 0 816 595 716 190 394 883 980 130 796 498 556 350 8 851 0 198 12 521 360 109 66 758 606 170 89 0 
Truck 4: 0 910 650 726 483 895 781 369 873 639 889 688 976 365 74 143 420 83 466 676 0 73 462 818 548 0 616 227 684 609 354 532 550 912 915 217 455 0 121 875 662 0 
Truck 5: 0 69 320 914 276 459 269 607 711 968 349 868 263 581 621 560 0 336 754 969 637 0 990 158 938 833 782 0 829 679 432 1000 419 817 585 453 398 630 0 917 0 
Truck 6: 0 97 584 16 995 169 58 371 0 948 846 0 904 335 44 129 740 397 0 666 358 75 756 373 21 0 55 866 439 329 902 115 776 68 571 617 642 750 138 0 345 779 0 
Truck 7: 0 747 963 593 81 301 388 534 803 864 932 9 410 0 166 644 59 0 123 195 0 113 1 173 11 344 193 627 911 530 98 935 41 0 746 399 40 404 15 772 26 226 160 415 706 0 
Truck 8: 0 185 495 682 298 742 512 890 788 139 426 51 135 961 933 0 975 538 806 406 0 892 20 183 447 651 523 619 0 924 215 722 874 848 0 
Truck 9: 0 405 960 811 661 942 861 133 790 859 525 542 501 823 0 849 491 0 401 327 0 445 106 402 36 111 622 854 472 576 903 92 941 46 0 570 929 13 463 537 10 913 200 940 4 795 669 0 
Truck 10: 0 480 395 331 799 787 3 322 812 659 7 372 282 342 899 374 842 927 0 601 656 60 0 578 421 127 839 720 379 613 257 351 0 95 165 341 733 294 964 728 947 168 891 897 0 830 0 
Truck 11: 0 144 221 831 23 923 982 317 919 602 992 321 427 0 707 14 865 699 565 0 164 614 108 769 562 400 563 120 0 80 876 114 693 413 274 492 800 107 950 956 798 0 761 0 
Truck 12: 0 768 577 90 723 658 232 96 187 118 545 126 615 289 487 853 316 0 375 325 67 0 598 364 180 906 724 663 506 527 381 132 203 0 893 901 636 230 671 194 943 822 815 677 858 618 0 928 0 
Truck 13: 0 710 586 805 555 603 999 308 425 841 18 409 509 820 0 151 324 678 476 504 838 482 0 202 696 443 0 147 444 209 485 734 246 218 778 528 323 249 300 0 522 508 174 909 0 
Truck 14: 0 449 27 592 437 916 252 0 456 343 840 0 971 863 591 0 63 979 264 141 540 284 718 0 19 267 664 352 211 238 99 789 807 212 587 188 0 278 717 686 640 0 
Truck 15: 0 367 39 856 809 985 416 287 674 393 0 673 233 945 0 313 793 926 239 813 0 715 526 362 705 620 0 546 286 32 102 574 604 0 48 242 148 0 
Drone Routes:
Drone 1: 0 189 517 0 70 993 0 543 0 802 262 0 76 0 380 553 0 433 0 172 879 0 701 268 0 657 0 64 0 6 845 0 376 224 237 0 597 299 0 
Drone 2: 0 210 608 0 356 496 0 154 435 0 24 732 751 0 128 610 0 53 628 826 0 377 937 770 0 594 955 312 0 265 930 385 582 34 0 31 647 0 624 763 0 721 0 551 804 631 0 
Drone 3: 0 247 357 0 957 175 0 652 0 836 0 223 458 689 0 697 468 0 309 871 0 72 654 625 0 57 749 0 922 566 0 760 0 25 0 573 105 0 633 0 
Drone 4: 0 731 407 0 258 408 30 714 229 0 762 704 638 0 201 939 946 0 42 645 0 965 0 2 254 0 424 469 486 0 493 157 484 0 531 0 475 0 378 112 0 981 832 0 119 0 
Drone 5: 0 470 477 0 580 850 161 852 0 248 739 0 197 208 0 872 0 516 390 0 738 885 0 780 37 0 431 489 0 5 479 273 0 457 38 302 0 748 0 467 306 77 0 474 0 
Drone 6: 0 366 441 0 680 389 0 245 0 559 908 454 0 434 729 234 355 0 191 675 220 392 0 256 966 0 867 0 727 745 0 315 137 0 497 0 878 418 588 0 725 337 0 
Drone 7: 0 207 708 0 387 155 0 877 668 251 0 290 692 471 0 561 0 529 634 0 972 944 0 328 579 0 500 383 0 235 396 0 94 0 452 0 442 694 0 646 0 
Drone 8: 0 713 261 507 0 260 340 884 0 275 988 695 767 0 589 464 153 52 0 552 0 255 338 765 0 983 967 643 564 0 100 0 311 973 0 681 103 0 293 288 0 186 0 825 653 0 
Drone 9: 0 391 703 900 0 752 177 0 494 314 0 281 339 0 896 481 744 0 304 0 271 773 824 0 79 192 0 515 925 759 0 958 56 213 0 843 810 0 685 370 326 0 774 84 736 0 
Drone 10: 0 62 50 860 0 461 605 0 150 583 0 296 0 670 887 0 952 253 0 862 575 0 757 0 880 0 206 511 0 250 412 0 814 0 244 996 0 
Drone 11: 0 554 918 0 199 612 0 145 61 503 176 279 567 0 382 0 954 857 0 837 179 0 785 71 0 205 0 536 82 611 0 764 0 518 159 0 702 934 0 45 0 687 0 
Drone 12: 0 33 270 0 240 285 0 353 655 984 0 35 784 949 0 181 541 0 667 131 216 844 0 140 665 0 520 743 590 0 204 894 629 0 178 786 0 446 0 460 122 0 272 280 310 0 
Drone 13: 0 428 775 0 241 691 91 514 0 222 219 524 0 997 430 737 0 414 348 347 0 22 0 231 827 0 214 989 0 319 78 0 596 54 49 0 649 0 429 0 783 0 
Drone 14: 0 305 363 0 709 0 450 623 182 0 346 510 792 0 297 307 0 333 0 794 870 0 672 86 0 303 698 0 259 384 0 572 547 936 0 907 898 403 0 124 28 0 847 821 0 
Drone 15: 0 438 136 539 0 134 236 755 0 771 411 791 0 116 660 0 149 991 0 478 0 632 648 0 93 0 626 318 0 753 513 0 334 568 835 277 359 828 0 87 0 766 0 505 533 0 
Makespan (objective - latest vehicle finish): 27114.5 seconds
Total time (sum of all routes - secondary): 707731 seconds
Truck time sum: 371152 seconds
Drone time sum: 336579 seconds
Unserved customers: 0
Overall feasibility: Yes
Average customers per drone sortie (depot-to-depot): 2.13793
Average customers per truck sortie (depot-to-depot): 7.64865
Instance: instance/1000.30.4.txt  Time: 7392.06 ms
