Attempts: 5
Selected attempt (0-based): 2
Truck Routes:
Truck 1: 0 963 544 738 821 947 390 218 634 165 199 404 423 291 18 96 0 863 799 209 664 72 432 1000 631 0 623 409 511 520 848 330 456 263 82 0 197 941 829 148 122 931 295 106 861 0 
Truck 2: 0 112 258 80 970 8 572 183 569 369 235 731 322 783 528 833 1 888 141 412 135 741 83 0 497 998 885 889 499 447 0 387 857 402 368 0 321 984 0 
Truck 3: 0 70 983 435 431 193 87 395 496 473 602 723 71 338 657 67 684 494 699 149 283 867 716 0 253 749 186 943 807 824 203 987 0 626 38 400 641 323 813 299 0 86 17 870 162 604 561 266 645 0 
Truck 4: 0 689 794 680 454 375 100 327 685 608 762 107 198 967 337 347 629 97 420 0 694 507 974 663 908 256 756 880 0 587 385 290 215 0 425 44 819 597 913 747 137 372 804 487 68 298 881 140 876 0 
Truck 5: 0 224 60 143 827 163 343 509 0 617 754 282 973 0 316 475 575 307 0 262 42 76 933 467 598 686 0 221 606 612 384 600 0 590 955 118 709 742 0 
Truck 6: 0 981 522 440 7 54 300 942 360 309 296 574 371 493 0 515 753 381 29 134 61 284 231 0 92 0 714 272 901 632 415 514 275 91 108 761 159 583 353 0 605 0 
Truck 7: 0 243 220 927 923 774 976 506 578 5 541 169 194 0 264 688 706 859 398 822 227 236 0 105 365 0 582 230 720 698 47 697 26 717 0 378 0 
Truck 8: 0 558 476 320 581 188 386 481 416 521 700 916 637 98 0 912 553 161 543 0 930 471 448 946 869 208 584 0 11 647 656 948 791 0 748 907 977 918 0 
Truck 9: 0 50 797 724 914 985 845 725 638 758 352 233 961 0 324 718 443 13 0 658 421 588 662 389 0 996 750 102 601 938 306 500 0 247 462 62 301 559 342 573 691 94 624 3 0 
Truck 10: 0 179 157 627 65 73 406 787 887 959 595 782 158 0 897 478 261 399 434 0 670 842 234 708 69 0 59 144 45 244 20 248 690 0 99 482 259 860 0 
Truck 11: 0 834 336 620 655 681 702 470 850 800 239 0 891 101 490 182 75 185 242 0 111 551 825 851 919 164 0 130 683 661 505 884 0 219 789 910 463 459 58 786 635 213 555 155 345 679 621 982 757 0 
Truck 12: 0 335 676 837 30 548 674 319 925 240 0 732 828 832 966 776 51 0 550 95 171 530 614 24 151 0 205 341 55 0 174 120 767 585 625 407 139 411 0 547 0 
Truck 13: 0 285 953 152 468 784 519 882 928 778 518 759 830 0 469 356 537 920 200 0 241 950 276 934 527 0 711 591 279 539 0 607 840 810 780 78 517 843 995 311 489 273 2 0 28 0 
Truck 14: 0 274 735 444 523 455 836 932 962 903 439 374 166 414 0 217 178 644 895 0 900 610 986 116 871 314 0 436 529 228 669 380 745 707 501 899 793 0 304 0 
Truck 15: 0 210 990 123 418 121 667 512 643 893 0 41 566 413 39 424 0 874 450 232 145 660 348 535 293 0 480 288 0 315 937 278 616 192 281 64 427 571 0 36 260 640 0 
Drone Routes:
Drone 1: 0 204 249 790 383 524 0 565 491 0 936 363 0 303 540 176 138 267 0 864 0 485 177 0 817 0 958 305 580 0 294 0 980 594 673 0 687 0 27 216 0 816 391 0 654 222 0 765 803 0 
Drone 2: 0 808 593 696 0 613 781 0 504 728 0 37 128 898 0 474 175 115 0 743 0 589 846 0 926 187 0 619 206 0 181 23 0 32 0 56 628 0 277 373 0 618 53 0 214 552 0 
Drone 3: 0 760 755 924 0 394 317 0 622 677 0 599 712 156 0 286 252 856 0 603 0 531 0 35 458 0 695 0 225 396 0 917 586 0 650 426 0 326 0 461 642 0 
Drone 4: 0 438 451 0 132 814 133 226 844 265 0 678 310 746 74 346 0 333 93 0 269 795 811 0 113 672 0 245 636 0 892 0 498 0 212 0 79 0 449 428 0 377 211 0 546 453 0 
Drone 5: 0 142 894 0 376 382 0 533 318 0 922 48 734 0 796 312 826 0 66 0 429 944 969 0 202 0 727 653 0 12 744 0 877 779 114 0 847 0 190 820 0 168 466 997 692 0 
Drone 6: 0 536 971 0 516 809 0 127 0 129 0 975 965 88 0 297 0 988 798 0 668 486 0 904 560 173 0 150 751 0 935 302 0 52 349 0 872 538 0 308 189 785 0 
Drone 7: 0 768 351 0 763 33 805 0 878 464 0 879 633 960 906 0 445 525 0 49 752 0 229 564 0 562 340 0 579 201 0 992 0 646 739 0 325 841 0 839 0 254 388 0 
Drone 8: 0 909 180 0 730 15 0 806 801 0 292 964 0 57 570 0 713 103 0 534 567 0 849 0 147 472 0 831 0 484 0 125 508 0 788 238 838 0 994 393 0 
Drone 9: 0 339 737 0 652 77 701 0 195 545 0 945 968 441 430 0 556 350 719 0 401 0 358 362 452 0 792 22 659 651 0 460 0 956 883 0 823 0 43 422 0 366 359 0 446 0 255 0 
Drone 10: 0 131 939 886 0 270 865 866 875 0 172 154 0 110 577 0 437 666 773 0 479 513 649 0 549 0 775 818 0 611 915 951 693 0 196 0 191 0 14 972 0 408 483 0 417 835 0 502 815 0 
Drone 11: 0 704 682 0 465 332 0 170 868 392 902 0 733 0 568 510 710 0 722 0 858 542 770 16 0 495 554 0 812 0 223 4 0 357 0 993 488 0 802 21 0 89 0 
Drone 12: 0 771 84 40 0 772 160 207 0 615 954 0 639 715 0 433 949 0 952 397 0 978 81 85 0 855 0 250 0 596 764 0 526 989 0 492 0 766 90 0 280 344 0 
Drone 13: 0 592 334 355 0 364 890 0 119 671 0 271 124 0 740 896 0 576 313 0 609 405 0 853 167 0 361 34 0 705 777 0 929 410 0 19 0 370 419 0 457 0 46 6 721 0 
Drone 14: 0 126 503 769 367 979 257 0 287 109 0 289 0 268 703 0 153 0 675 532 852 0 726 0 563 0 736 0 630 905 237 0 665 0 854 184 0 104 0 31 0 
Drone 15: 0 957 329 0 921 251 403 0 648 0 63 9 136 0 862 0 911 331 999 0 729 0 246 442 0 25 0 10 991 0 354 379 0 328 557 146 873 0 477 940 0 117 0 
Makespan (objective - latest vehicle finish): 19460.8 seconds
Total time (sum of all routes - secondary): 520205 seconds
Truck time sum: 267585 seconds
Drone time sum: 252620 seconds
Unserved customers: 0
Overall feasibility: Yes
Average customers per drone sortie (depot-to-depot): 2.06512
Average customers per truck sortie (depot-to-depot): 7.41333
Instance: instance/1000.20.2.txt  Time: 7260.98 ms
