Attempts: 5
Selected attempt (0-based): 4
Truck Routes:
Truck 1: 0 328 679 826 264 5 824 537 671 163 554 516 275 0 729 837 0 27 972 262 49 494 857 566 847 229 574 0 442 173 360 488 542 284 0 
Truck 2: 0 85 396 410 979 306 233 128 610 278 661 582 265 325 8 190 991 181 75 0 780 408 340 291 619 978 774 149 0 510 596 883 970 295 11 863 108 4 280 0 347 738 217 297 448 745 0 
Truck 3: 0 669 633 819 352 578 103 95 634 919 43 105 417 393 453 0 983 155 581 279 932 792 732 720 392 0 223 609 452 476 439 817 701 769 536 0 46 0 
Truck 4: 0 82 160 834 451 288 101 605 182 648 409 755 26 623 616 888 0 336 269 570 210 715 402 829 485 0 239 505 572 948 823 391 658 706 230 122 790 507 0 315 841 764 580 176 743 435 0 
Truck 5: 0 374 750 933 124 371 0 380 327 201 0 455 668 0 51 868 0 727 495 243 0 102 316 984 66 539 584 832 905 906 166 996 436 538 589 0 842 214 121 541 293 138 664 185 179 760 36 0 
Truck 6: 0 165 615 794 916 384 15 953 839 675 60 420 174 985 920 765 777 97 0 951 302 0 80 676 153 784 172 910 681 973 881 712 470 335 0 63 931 708 226 0 915 0 
Truck 7: 0 705 356 25 32 398 688 313 39 934 193 713 522 416 0 941 0 209 161 386 744 250 322 319 890 62 326 698 757 606 866 199 588 882 270 339 0 376 483 282 735 390 16 159 860 0 
Truck 8: 0 308 253 988 783 627 30 886 412 989 152 791 700 870 235 401 0 255 702 904 761 0 17 620 0 309 552 202 896 12 529 188 873 98 88 0 320 263 844 252 815 555 579 0 
Truck 9: 0 954 332 672 772 1000 260 171 139 345 468 980 880 598 515 333 0 157 859 677 562 0 399 971 106 13 573 460 258 0 1 657 802 125 660 697 811 343 277 136 776 694 963 763 107 187 0 
Truck 10: 0 349 194 321 944 767 0 850 357 426 909 848 0 959 480 144 994 0 898 710 752 986 519 640 130 0 147 728 908 261 225 285 546 884 180 69 659 74 433 814 0 487 992 2 137 0 
Truck 11: 0 281 974 196 568 937 213 520 853 753 9 721 443 878 10 33 447 331 0 456 272 889 0 509 762 942 758 939 478 502 734 395 583 400 184 364 175 113 955 852 0 512 902 205 0 142 0 
Truck 12: 0 286 523 140 254 0 87 556 912 718 590 0 397 404 617 600 0 462 318 977 722 629 746 0 423 52 148 227 294 422 434 486 257 183 682 856 0 719 323 299 0 
Truck 13: 0 355 879 314 311 204 733 801 292 946 242 298 466 549 855 403 0 518 995 0 550 547 20 247 330 936 911 373 646 479 770 683 216 0 608 935 231 785 307 871 0 692 0 
Truck 14: 0 164 897 377 259 626 334 151 797 300 601 0 234 428 372 653 0 742 162 663 84 0 900 72 186 206 930 18 220 929 779 221 621 731 854 530 200 595 0 129 830 717 0 
Truck 15: 0 21 597 168 513 831 894 218 642 899 341 40 711 665 788 0 543 41 940 0 249 251 649 55 945 93 116 467 961 388 901 498 0 246 964 800 0 276 0 
Drone Routes:
Drone 1: 0 604 565 781 64 907 836 65 0 865 0 131 532 91 0 612 864 0 477 528 195 0 115 0 3 0 624 238 0 922 0 818 0 296 914 982 0 526 0 86 756 0 73 805 0 
Drone 2: 0 813 833 0 338 966 34 754 0 695 117 0 31 828 0 406 0 22 748 211 110 0 413 0 699 0 53 0 353 0 838 289 0 167 120 0 947 0 810 846 0 987 0 
Drone 3: 0 747 631 0 267 28 0 514 0 599 553 245 759 918 169 0 471 0 342 70 0 704 921 0 875 707 365 0 346 0 421 0 135 177 0 559 7 0 678 689 83 0 809 0 799 0 
Drone 4: 0 927 430 0 773 150 500 0 100 94 0 366 146 869 0 786 0 405 14 208 0 690 768 0 845 441 654 0 427 381 0 795 310 0 445 290 0 457 0 625 0 207 429 993 0 
Drone 5: 0 587 465 0 603 446 0 691 0 324 419 76 0 508 0 484 438 379 962 134 0 535 0 641 656 0 389 0 849 472 0 158 686 0 843 0 126 170 0 81 0 141 0 
Drone 6: 0 383 737 444 0 57 112 418 0 926 266 0 981 473 312 0 42 806 725 0 655 825 0 219 0 787 557 0 232 0 643 222 0 551 79 0 965 287 0 77 0 24 0 274 474 726 0 
Drone 7: 0 680 499 716 0 891 0 885 650 0 197 796 0 593 0 241 244 0 812 368 0 47 0 968 359 0 497 431 189 0 771 0 561 524 635 415 0 647 651 662 0 925 71 0 569 344 0 
Drone 8: 0 192 224 38 461 6 0 154 958 0 739 454 0 998 807 0 613 969 0 928 0 775 0 237 674 0 594 0 501 534 0 938 685 0 766 61 0 577 0 564 861 0 68 611 0 
Drone 9: 0 531 822 305 960 114 240 0 576 533 0 387 256 0 348 369 778 0 560 575 0 48 563 0 475 544 248 0 212 504 127 0 667 816 271 558 44 0 999 432 0 684 143 0 119 481 0 673 517 407 0 50 414 0 827 696 0 
Drone 10: 0 382 872 363 0 990 56 751 367 638 29 228 0 586 0 425 459 0 89 0 361 709 0 198 874 0 215 0 567 525 0 892 0 591 0 304 203 109 0 628 0 463 644 670 0 96 798 0 
Drone 11: 0 450 967 0 362 851 329 0 337 0 585 489 0 545 0 887 437 0 835 0 639 0 496 893 0 666 548 0 693 0 111 506 0 607 724 0 490 0 469 0 
Drone 12: 0 493 123 997 876 503 0 19 411 862 0 614 385 0 840 78 0 45 0 90 35 145 0 749 821 0 92 652 0 59 0 952 0 394 236 0 976 464 0 301 540 0 957 0 303 0 
Drone 13: 0 375 630 0 67 370 703 0 913 0 54 924 0 350 0 511 99 0 156 0 351 0 424 730 0 118 0 782 0 37 858 0 378 0 602 923 0 741 618 0 
Drone 14: 0 736 740 877 0 723 0 104 491 0 803 895 0 358 0 592 820 0 622 273 0 645 0 789 440 0 637 636 0 521 903 0 58 949 492 0 317 0 133 943 0 
Drone 15: 0 449 268 0 687 283 0 132 23 0 950 0 975 0 178 482 0 867 0 632 0 191 714 0 793 917 0 804 527 0 808 956 0 354 571 0 458 0 
Makespan (objective - latest vehicle finish): 34907.7 seconds
Total time (sum of all routes - secondary): 932761 seconds
Truck time sum: 475139 seconds
Drone time sum: 457622 seconds
Unserved customers: 0
Overall feasibility: Yes
Average customers per drone sortie (depot-to-depot): 1.96833
Average customers per truck sortie (depot-to-depot): 7.73973
Instance: instance/1000.40.1.txt  Time: 7761.25 ms
