Attempts: 5
Selected attempt (0-based): 3
Truck Routes:
Truck 1: 0 10 577 431 76 118 942 103 111 620 952 459 0 304 766 325 298 0 685 387 994 90 673 463 621 397 70 0 253 838 614 810 973 338 86 760 55 306 0 547 0 
Truck 2: 0 868 505 79 773 299 283 862 109 352 930 954 624 353 339 832 414 899 0 925 594 290 528 0 411 497 131 874 415 207 555 536 741 926 692 0 638 400 532 787 0 
Truck 3: 0 598 190 974 343 485 735 665 160 291 69 173 134 983 878 1000 54 684 390 0 167 0 811 732 563 697 938 603 521 461 388 379 271 858 571 295 762 0 898 239 0 
Truck 4: 0 120 317 151 625 128 623 805 931 13 971 752 105 958 456 840 668 326 0 763 922 526 0 177 354 867 370 691 4 194 791 126 708 1 0 333 739 245 765 330 580 0 247 0 
Truck 5: 0 17 872 272 183 768 875 469 0 391 511 308 713 890 0 346 132 774 0 775 540 0 110 314 483 850 425 453 0 284 764 873 329 0 
Truck 6: 0 95 520 979 153 242 743 608 85 826 496 902 470 420 315 672 767 250 276 0 606 619 0 321 576 567 221 458 0 639 962 119 383 833 851 19 643 939 0 
Truck 7: 0 839 687 720 654 582 191 436 616 428 710 917 548 368 147 661 0 342 198 382 857 680 0 301 924 506 68 212 556 689 476 394 865 734 20 0 31 435 127 801 981 750 141 953 56 142 378 107 0 704 0 
Truck 8: 0 263 698 545 261 863 564 188 660 656 137 957 895 376 230 292 121 92 0 849 592 0 426 99 409 647 433 0 987 751 884 201 996 587 481 935 23 268 818 8 0 421 0 
Truck 9: 0 82 438 881 725 35 439 781 57 538 229 307 0 91 226 622 0 819 0 803 574 795 133 570 916 700 159 742 703 871 189 106 0 484 489 66 912 179 185 516 904 820 195 0 
Truck 10: 0 320 152 712 738 44 824 636 45 921 214 640 398 0 701 423 876 812 302 464 187 0 940 113 0 273 366 258 717 970 590 894 12 3 404 384 637 0 845 114 613 393 634 97 693 26 589 814 772 659 474 0 
Truck 11: 0 174 535 403 822 265 836 223 0 327 356 844 486 0 653 784 164 377 25 0 16 999 29 389 138 831 305 457 0 310 416 52 531 0 650 0 
Truck 12: 0 93 125 746 568 303 175 560 335 733 946 671 203 808 122 0 312 344 965 866 914 318 0 43 0 480 909 104 834 573 0 870 883 170 509 220 885 722 786 630 267 210 157 0 852 0 
Truck 13: 0 543 98 322 727 550 715 669 478 0 80 38 144 215 783 0 559 688 549 666 184 0 62 519 602 997 0 611 75 60 490 0 432 53 96 847 479 209 968 158 597 0 165 27 716 58 46 745 262 155 0 
Truck 14: 0 362 995 790 754 451 843 919 63 943 408 579 956 599 846 583 264 806 369 740 0 984 632 328 586 494 541 504 0 441 15 211 240 910 363 757 452 601 578 89 830 364 990 162 908 966 0 149 0 
Truck 15: 0 882 74 886 477 961 406 721 986 998 807 554 596 0 569 154 47 0 309 629 371 679 0 709 467 11 180 360 296 821 695 855 642 254 78 780 0 674 779 0 
Drone Routes:
Drone 1: 0 59 145 0 982 87 959 0 714 562 507 0 747 100 413 0 468 963 0 237 809 424 0 707 771 206 0 197 817 0 422 200 0 976 0 216 683 522 0 65 0 171 257 0 243 446 102 0 
Drone 2: 0 923 289 600 241 797 0 248 508 217 7 0 34 419 0 985 375 823 0 275 471 0 667 444 0 139 172 0 492 0 681 0 323 626 0 612 770 0 652 0 944 816 627 405 565 0 607 374 0 
Drone 3: 0 163 418 182 0 213 789 130 595 0 244 50 792 0 553 897 610 0 978 546 758 0 859 644 108 0 40 0 864 178 0 702 381 0 316 0 281 166 0 429 657 0 566 2 0 793 186 0 
Drone 4: 0 287 6 0 542 645 690 0 678 513 443 0 969 0 869 0 835 324 340 30 0 399 0 18 150 879 0 788 462 0 491 274 0 828 593 0 427 0 487 148 450 0 234 123 0 
Drone 5: 0 993 219 0 169 618 311 0 73 0 373 0 349 0 658 853 0 991 510 0 260 412 199 0 430 37 0 525 950 0 347 977 392 777 0 748 0 551 0 726 896 0 
Drone 6: 0 235 635 0 231 135 482 0 351 907 0 465 927 0 279 297 759 0 112 0 124 0 359 749 0 945 856 0 473 651 0 737 918 731 0 251 313 0 575 256 0 332 32 0 
Drone 7: 0 380 947 232 0 901 22 0 129 33 0 705 675 0 617 756 0 205 81 0 495 0 386 848 0 280 176 0 906 928 0 252 900 115 14 0 934 0 49 948 0 293 334 502 0 
Drone 8: 0 799 417 903 0 699 410 0 615 355 0 980 0 372 932 0 196 785 0 800 41 227 0 161 512 584 0 829 204 0 761 609 0 778 0 920 140 472 0 337 331 744 396 0 798 0 407 0 
Drone 9: 0 24 246 0 841 755 0 967 0 83 572 0 877 21 440 0 663 913 992 0 670 0 955 517 357 0 143 0 156 854 0 193 61 0 385 0 222 270 0 168 0 
Drone 10: 0 455 676 0 988 936 0 72 0 889 880 724 88 794 0 228 527 0 94 736 401 0 501 0 493 0 911 0 454 631 0 282 0 336 0 5 0 815 0 
Drone 11: 0 475 646 0 208 42 933 0 202 515 0 729 951 893 915 0 804 224 0 964 0 648 588 0 39 0 533 225 0 605 0 445 662 0 825 753 0 628 84 361 837 0 345 0 
Drone 12: 0 285 402 238 0 447 929 937 0 530 278 0 529 77 0 67 0 116 633 0 649 0 319 71 0 448 0 557 259 0 395 682 0 348 0 518 604 960 0 861 181 0 
Drone 13: 0 842 269 0 146 796 0 718 544 887 0 233 350 0 776 117 0 677 0 466 989 434 0 891 0 255 558 0 277 365 0 236 503 0 972 537 192 514 706 0 802 728 0 561 28 0 
Drone 14: 0 860 949 539 9 552 0 288 0 585 498 499 0 249 0 769 892 0 51 286 0 36 0 367 294 0 437 300 0 524 694 0 827 136 0 581 358 0 488 218 0 523 0 
Drone 15: 0 711 813 0 266 0 534 696 0 730 888 905 941 0 48 0 782 101 64 0 591 0 460 655 0 686 719 0 500 449 0 723 341 0 442 0 641 975 0 664 0 
Makespan (objective - latest vehicle finish): 28299.3 seconds
Total time (sum of all routes - secondary): 715540 seconds
Truck time sum: 377489 seconds
Drone time sum: 338050 seconds
Unserved customers: 0
Overall feasibility: Yes
Average customers per drone sortie (depot-to-depot): 2.08057
Average customers per truck sortie (depot-to-depot): 7.38158
Instance: instance/1000.30.3.txt  Time: 7467.38 ms
