Attempts: 5
Selected attempt (0-based): 4
Truck Routes:
Truck 1: 0 290 25 639 100 989 720 12 730 253 92 0 432 684 492 893 939 934 823 0 868 11 597 851 982 473 814 732 735 124 339 204 547 276 0 348 833 888 677 189 526 77 518 197 111 762 887 759 0 
Truck 2: 0 774 924 776 956 798 769 941 870 918 126 826 109 460 513 891 336 514 0 93 563 0 283 451 39 298 864 636 976 364 195 984 630 714 947 610 0 457 965 511 0 
Truck 3: 0 581 250 101 421 69 462 351 717 76 914 922 357 926 379 0 397 86 423 88 483 232 646 892 596 726 281 645 0 40 904 810 392 291 0 928 683 856 927 65 745 685 268 866 0 
Truck 4: 0 588 515 477 970 829 117 770 966 152 872 63 837 719 0 254 786 557 261 366 0 494 231 622 455 626 168 284 634 607 9 844 0 56 615 2 528 0 
Truck 5: 0 84 33 267 190 943 0 708 471 791 332 247 817 0 129 529 0 188 0 402 360 498 508 234 160 737 415 20 385 202 0 871 575 978 0 562 0 
Truck 6: 0 546 748 354 41 27 715 650 534 967 694 446 506 486 140 931 0 181 0 312 679 317 686 975 593 139 242 95 545 251 103 0 604 682 836 338 889 293 944 186 303 178 858 906 269 0 
Truck 7: 0 824 154 779 59 75 825 599 222 21 5 983 308 539 475 0 265 651 0 262 846 830 177 880 877 754 386 83 0 668 760 879 847 792 427 23 120 601 903 585 0 464 0 
Truck 8: 0 818 996 102 225 573 99 907 992 674 757 625 321 695 699 940 1 0 235 733 429 0 205 564 96 185 274 454 849 306 287 852 0 606 886 942 68 368 0 
Truck 9: 0 994 521 955 373 861 340 89 327 295 881 738 393 472 507 801 961 0 535 279 522 67 480 411 986 577 358 0 862 458 424 54 245 640 16 598 326 987 673 707 816 697 443 541 0 478 347 960 520 481 176 352 0 
Truck 10: 0 57 736 450 236 925 777 519 587 662 394 550 734 905 611 223 0 696 61 0 163 193 219 14 544 55 0 532 789 854 404 540 380 874 3 632 781 107 919 0 121 289 400 728 531 711 0 
Truck 11: 0 149 643 155 376 603 688 0 79 843 300 0 548 0 929 258 403 0 647 264 937 629 201 658 191 442 723 799 1000 0 22 345 127 591 419 0 
Truck 12: 0 466 272 449 343 878 901 224 331 710 26 690 567 624 794 383 0 689 199 793 0 787 80 31 367 445 773 510 930 916 143 556 811 586 150 273 571 0 439 845 558 746 538 42 619 766 356 135 238 426 73 440 0 106 0 
Truck 13: 0 286 330 764 260 659 0 954 990 549 0 130 246 161 641 0 148 207 963 0 180 85 230 136 0 183 453 617 882 60 758 6 34 0 244 38 850 0 
Truck 14: 0 243 933 43 344 220 363 389 667 938 741 417 493 609 910 285 47 0 805 28 0 767 554 722 437 890 822 459 915 612 297 796 516 438 489 0 192 884 790 237 819 495 0 212 0 
Truck 15: 0 666 898 412 164 749 654 228 182 123 430 110 876 211 194 656 0 815 523 365 434 0 156 583 676 569 718 633 487 37 838 948 807 0 808 552 788 302 361 0 401 0 
Drone Routes:
Drone 1: 0 602 555 32 0 328 709 46 795 87 729 0 15 349 256 146 860 530 0 542 0 744 999 0 981 0 680 0 94 0 921 869 0 663 600 0 162 0 935 0 576 407 579 0 802 0 
Drone 2: 0 755 280 863 0 422 0 502 51 0 820 0 835 0 113 0 72 0 428 0 687 119 652 0 215 671 0 985 372 0 294 153 0 359 370 174 0 187 0 
Drone 3: 0 282 288 97 0 64 706 670 0 559 0 418 580 0 4 0 661 705 0 613 855 133 0 476 980 536 0 768 48 0 116 319 0 198 474 0 252 381 0 512 834 0 949 0 561 0 
Drone 4: 0 782 142 196 0 605 35 53 0 897 0 560 444 304 497 0 592 24 0 216 463 0 431 716 653 0 616 0 900 468 0 229 644 952 0 36 45 0 775 0 912 62 0 305 0 
Drone 5: 0 700 750 0 313 0 993 0 525 875 0 958 10 0 657 0 765 0 114 0 753 0 371 309 0 213 0 977 692 0 484 0 296 964 0 
Drone 6: 0 355 783 731 0 491 840 0 78 311 0 608 158 772 0 108 488 0 895 648 0 128 590 950 0 827 0 678 972 0 441 841 52 0 414 756 0 7 853 0 105 0 395 909 0 828 0 
Drone 7: 0 969 501 322 214 812 307 0 953 503 0 29 0 631 0 691 144 784 0 323 0 727 248 902 337 551 0 329 387 482 0 974 0 703 911 0 813 0 263 913 0 166 18 0 206 0 672 923 0 
Drone 8: 0 259 271 346 0 831 147 800 553 49 0 998 447 396 0 842 226 0 763 570 0 90 233 0 698 0 533 82 920 0 470 388 375 0 175 408 0 104 420 0 962 301 425 0 324 946 0 628 701 0 725 0 
Drone 9: 0 382 448 936 0 973 873 266 0 572 221 0 496 0 865 0 712 0 721 292 0 614 0 122 436 0 669 988 0 739 0 66 618 0 316 0 675 0 681 299 0 
Drone 10: 0 184 761 203 409 0 179 932 0 908 867 0 217 0 740 957 0 995 0 885 751 945 0 578 0 157 0 170 0 479 0 742 509 0 320 664 621 0 991 638 0 
Drone 11: 0 406 270 0 410 74 0 169 0 91 635 0 257 398 310 589 0 595 0 465 0 469 0 391 138 0 771 362 0 131 0 30 0 660 0 504 584 0 151 0 
Drone 12: 0 209 341 0 797 112 0 70 537 0 255 778 0 208 342 0 517 384 334 0 200 883 325 0 627 0 747 44 0 565 390 0 527 896 0 369 566 0 951 979 167 0 399 377 917 0 118 241 0 
Drone 13: 0 623 485 353 0 240 145 0 490 0 173 315 0 499 848 0 159 804 0 752 433 333 0 227 405 0 218 165 0 821 171 0 278 665 0 249 19 0 971 318 0 724 314 0 132 568 0 
Drone 14: 0 350 58 693 649 0 655 435 0 505 277 0 137 524 0 98 134 0 959 0 899 582 0 637 71 0 997 0 702 8 0 413 0 806 374 13 0 839 620 81 239 0 467 50 0 
Drone 15: 0 894 543 172 0 809 574 594 743 0 125 452 0 17 115 0 803 456 785 0 704 780 0 335 0 642 968 0 500 378 0 713 857 0 210 832 0 461 275 0 859 416 0 141 0 
Makespan (objective - latest vehicle finish): 34357.9 seconds
Total time (sum of all routes - secondary): 916743 seconds
Truck time sum: 471188 seconds
Drone time sum: 445555 seconds
Unserved customers: 0
Overall feasibility: Yes
Average customers per drone sortie (depot-to-depot): 1.99083
Average customers per truck sortie (depot-to-depot): 7.75342
Instance: instance/1000.40.3.txt  Time: 7597.78 ms
