Attempts: 5
Selected attempt (0-based): 1
Truck Routes:
Truck 1: 0 90 9 385 843 878 62 690 453 344 579 534 469 938 0 920 539 181 856 881 952 526 222 0 844 639 11 188 164 256 612 0 769 823 960 248 540 71 233 159 0 496 0 
Truck 2: 0 964 665 802 454 697 826 8 115 752 849 973 739 421 0 485 728 37 132 799 773 140 568 0 714 810 58 625 424 954 0 961 425 789 300 0 934 0 
Truck 3: 0 371 478 31 401 979 305 475 965 511 427 428 650 182 867 710 99 0 678 610 488 819 1000 711 519 0 959 280 2 643 886 846 135 904 537 396 0 449 360 0 83 0 
Truck 4: 0 365 978 229 1 312 322 451 712 724 0 161 358 561 605 926 656 858 17 0 257 42 620 192 25 369 391 30 0 491 667 278 367 732 165 853 658 439 412 0 56 598 7 63 733 501 0 
Truck 5: 0 962 514 399 377 621 95 661 209 472 0 353 770 240 202 835 23 0 448 89 943 908 271 792 758 0 57 768 895 354 381 811 127 375 290 0 359 309 0 873 0 
Truck 6: 0 308 924 336 652 566 153 110 586 686 876 349 0 615 673 316 419 224 166 602 55 0 246 457 249 590 581 167 285 0 138 4 86 184 984 837 505 462 859 0 468 374 0 172 0 
Truck 7: 0 743 266 268 44 816 345 342 606 134 547 148 0 692 446 629 641 96 101 989 267 0 270 477 797 392 585 34 0 784 745 28 949 681 932 0 543 221 814 0 
Truck 8: 0 183 52 578 599 403 40 525 791 985 464 687 218 0 684 313 486 54 191 679 936 0 883 828 850 261 35 307 405 0 709 587 919 321 493 755 839 53 756 0 870 592 0 
Truck 9: 0 340 731 430 683 292 614 862 609 734 775 104 116 72 955 664 0 603 967 507 809 173 69 715 0 663 142 190 567 48 624 827 689 39 0 767 264 20 840 154 0 346 0 
Truck 10: 0 929 66 295 834 631 400 696 804 675 343 397 693 0 43 737 244 452 273 958 0 695 976 118 504 131 319 387 5 831 0 363 108 968 671 275 759 231 423 0 894 33 355 447 0 662 0 
Truck 11: 0 215 896 852 177 933 230 325 450 694 149 141 0 207 174 189 575 518 736 0 234 126 630 779 704 513 0 476 808 528 530 383 713 996 761 948 0 556 782 0 
Truck 12: 0 235 379 443 583 68 535 466 109 925 509 237 0 155 121 636 582 145 243 470 143 0 314 144 860 434 772 672 180 490 0 869 128 608 875 283 87 236 966 378 508 479 0 286 197 735 332 916 0 
Truck 13: 0 657 289 638 971 703 171 577 619 923 939 0 204 489 627 10 65 0 538 902 296 277 546 544 682 288 647 0 416 351 304 729 807 61 0 78 719 0 186 0 
Truck 14: 0 871 461 974 563 593 560 333 227 459 16 303 0 550 18 992 554 81 0 85 282 298 727 203 845 953 777 373 830 0 937 117 70 654 931 783 744 887 597 0 350 217 0 
Truck 15: 0 481 572 921 854 250 460 169 803 223 352 112 24 0 559 795 874 824 815 946 0 969 764 211 601 465 725 680 600 330 64 0 651 201 274 254 0 356 502 0 
Drone Routes:
Drone 1: 0 495 760 717 0 787 176 0 119 889 0 372 517 226 0 580 0 411 276 388 0 22 841 0 442 0 272 637 0 574 252 0 915 0 225 0 163 15 0 994 0 130 0 
Drone 2: 0 279 474 125 660 473 0 645 6 707 998 0 418 100 0 105 0 98 565 0 320 0 640 927 0 906 0 36 440 0 220 219 0 754 242 0 950 137 0 785 571 990 0 552 329 644 0 395 0 
Drone 3: 0 721 19 0 909 557 0 818 196 555 0 263 76 0 241 634 0 102 47 718 0 951 0 956 436 0 980 0 445 136 987 0 977 0 750 793 0 698 742 0 269 0 422 0 
Drone 4: 0 150 281 0 573 564 877 0 213 335 0 492 0 499 521 79 655 0 611 0 596 0 903 402 0 762 0 311 796 123 0 899 0 384 798 0 533 456 0 570 284 0 763 38 0 
Drone 5: 0 702 14 406 914 0 441 880 0 668 529 0 935 910 0 210 0 13 310 0 59 776 0 922 0 84 688 113 0 506 653 0 77 720 0 536 97 0 781 0 865 185 0 158 0 
Drone 6: 0 855 187 51 21 0 198 757 139 0 866 0 806 302 0 394 588 907 0 162 337 0 825 0 410 584 0 151 299 0 591 0 294 0 376 46 0 670 0 160 842 0 178 0 788 0 
Drone 7: 0 890 455 740 558 774 0 467 813 0 753 0 341 216 0 545 480 0 868 595 0 716 471 338 0 398 699 821 0 426 380 0 618 940 0 542 551 437 0 515 726 0 157 503 0 541 847 0 463 361 0 
Drone 8: 0 722 297 147 0 751 259 253 0 206 864 0 613 0 981 0 444 0 706 67 632 500 0 324 0 262 0 114 0 677 790 122 0 239 0 930 885 0 107 820 0 88 911 0 
Drone 9: 0 409 669 483 0 212 801 228 0 780 628 0 168 0 205 245 0 882 746 306 193 0 918 12 194 0 124 0 175 0 532 458 82 0 214 0 389 0 999 0 348 676 0 362 0 
Drone 10: 0 438 685 741 0 549 626 195 0 415 817 0 941 265 0 3 200 738 0 649 435 0 334 317 0 170 0 318 0 589 293 0 983 93 0 747 863 0 822 0 524 836 0 431 0 
Drone 11: 0 594 494 705 553 0 111 404 0 386 120 691 0 892 32 0 794 339 0 74 0 510 0 861 972 407 0 103 251 0 179 617 0 945 838 0 512 247 0 897 498 0 872 700 0 129 50 833 0 
Drone 12: 0 576 260 812 0 857 433 0 800 604 0 370 993 73 0 80 832 0 326 0 674 986 0 635 0 94 487 0 900 0 786 988 0 41 928 323 0 232 527 0 91 766 0 29 0 
Drone 13: 0 607 484 0 364 995 0 368 291 287 0 623 0 765 75 0 27 0 646 531 0 347 616 0 569 622 723 0 957 0 420 749 0 898 548 520 0 49 238 0 708 0 851 0 
Drone 14: 0 255 891 0 413 633 642 0 975 366 0 888 0 829 522 0 879 0 382 942 0 357 0 963 301 0 748 0 516 523 848 917 0 208 393 0 152 997 0 771 26 497 0 648 92 901 0 
Drone 15: 0 106 60 199 328 0 327 390 315 913 0 432 331 0 947 562 0 905 146 0 429 778 893 0 991 701 0 805 258 0 666 417 0 982 659 482 0 156 414 944 0 730 970 0 912 884 0 45 408 0 133 0 
Makespan (objective - latest vehicle finish): 12162.6 seconds
Total time (sum of all routes - secondary): 312755 seconds
Truck time sum: 165559 seconds
Drone time sum: 147196 seconds
Unserved customers: 0
Overall feasibility: Yes
Average customers per drone sortie (depot-to-depot): 2.00442
Average customers per truck sortie (depot-to-depot): 6.92405
Instance: instance/1000.10.2.txt  Time: 7410.65 ms
