Attempts: 3
Selected attempt (0-based): 0
Truck Routes:
Truck 1: 0 564 727 965 735 966 0 934 536 716 252 619 732 0 801 485 299 539 737 141 100 0 27 611 379 830 296 83 221 339 688 879 418 166 509 0 918 873 0 508 0 
Truck 2: 0 143 659 793 596 665 759 94 0 229 319 361 373 479 0 592 310 280 950 398 80 148 662 311 468 128 636 0 816 696 64 258 0 831 270 840 0 
Truck 3: 0 957 314 604 649 515 595 544 460 0 81 118 854 75 23 0 410 244 4 58 449 528 0 740 993 620 404 730 446 0 747 827 402 723 0 
Truck 4: 0 833 70 819 832 437 99 92 0 167 753 331 689 847 906 0 182 327 800 132 31 359 181 571 33 0 405 317 85 301 891 782 0 120 61 505 795 380 0 
Truck 5: 0 486 531 125 607 472 971 0 17 146 40 24 297 0 908 239 805 157 577 835 973 294 0 630 516 164 216 961 656 694 0 638 247 35 68 0 78 534 279 10 0 
Truck 6: 0 501 748 312 365 391 901 0 765 122 970 435 347 0 106 871 651 884 681 11 25 0 192 47 757 476 137 51 313 0 535 377 427 605 249 423 0 394 153 995 910 147 0 
Truck 7: 0 634 669 872 162 836 802 0 680 628 432 792 930 692 0 1 761 52 466 777 356 674 0 434 845 687 266 948 55 742 63 0 764 895 0 488 0 
Truck 8: 0 920 850 207 852 931 526 180 260 274 0 448 809 644 876 859 715 0 679 21 994 849 98 322 262 587 0 523 401 242 397 837 342 0 96 770 493 42 0 
Truck 9: 0 916 600 939 826 492 220 0 315 563 363 896 664 378 0 799 917 245 947 471 230 461 0 848 330 517 719 421 786 172 923 0 3 717 779 0 243 0 
Truck 10: 0 267 653 413 419 629 386 0 190 945 572 686 938 0 430 532 506 986 812 943 195 0 822 518 614 22 919 874 276 657 101 640 983 0 400 924 134 0 219 963 348 358 511 0 
Truck 11: 0 522 545 625 552 272 851 609 165 0 863 53 188 546 0 856 621 915 114 155 154 309 0 268 451 591 201 880 858 776 912 112 328 0 199 0 768 215 865 0 
Truck 12: 0 381 385 878 500 150 159 0 105 521 463 834 578 0 364 985 699 351 733 646 533 0 129 982 956 746 295 525 0 554 502 0 913 691 497 0 
Truck 13: 0 932 253 720 189 975 368 0 953 343 369 433 977 0 110 205 203 307 240 88 204 0 574 1000 726 235 810 341 894 797 0 126 344 0 598 16 0 
Truck 14: 0 269 324 645 875 543 0 566 133 45 926 264 594 0 583 316 900 346 171 940 130 0 261 999 678 670 588 584 329 756 355 425 976 788 0 168 163 438 724 0 429 529 562 117 0 
Truck 15: 0 13 69 173 936 37 185 0 56 772 618 454 2 0 520 393 843 462 751 282 0 325 935 860 846 626 469 57 255 889 0 487 32 647 0 371 290 0 
Drone Routes:
Drone 1: 0 709 897 0 530 333 0 781 0 209 893 671 0 450 0 601 925 0 725 281 0 102 382 527 0 818 0 941 50 978 0 842 616 942 0 754 29 676 0 519 291 0 409 443 0 214 0 722 109 0 292 0 695 0 
Drone 2: 0 887 54 0 700 48 798 760 0 321 231 984 0 808 439 731 226 0 769 211 868 0 667 540 0 886 0 890 635 0 208 0 967 392 718 0 366 444 0 551 0 350 0 176 0 107 885 0 43 15 0 955 0 222 0 
Drone 3: 0 867 824 0 388 417 560 131 0 556 702 0 302 440 660 0 123 0 152 0 550 0 228 406 0 174 108 752 0 745 0 739 877 390 0 933 372 0 95 0 921 992 0 467 0 561 784 0 558 0 415 0 
Drone 4: 0 962 778 103 825 0 829 888 283 762 0 414 212 0 655 927 218 987 0 815 0 306 349 0 453 0 441 0 59 251 491 0 426 0 823 0 254 0 813 383 0 489 0 9 579 259 0 91 870 0 866 0 
Drone 5: 0 581 496 0 483 490 481 0 7 196 0 495 853 0 136 0 287 713 256 0 729 74 0 420 0 36 362 538 0 553 0 989 498 0 121 0 794 0 298 0 787 958 431 0 911 510 0 246 0 
Drone 6: 0 785 712 0 767 202 0 883 666 187 0 14 864 0 288 557 0 140 445 338 0 175 0 367 161 0 652 470 857 0 586 569 512 0 308 0 547 0 66 612 0 177 156 0 384 0 928 142 0 422 869 0 
Drone 7: 0 354 711 138 0 457 791 981 0 499 113 828 0 250 0 959 661 892 0 811 0 951 323 0 728 200 937 0 89 750 0 643 478 0 178 914 0 707 345 28 0 494 475 0 5 465 0 19 300 0 455 706 0 839 721 0 537 0 
Drone 8: 0 773 780 184 277 407 0 624 964 570 158 0 93 217 0 224 236 278 0 223 452 881 0 507 597 0 72 0 974 0 424 814 903 0 820 0 899 0 749 65 0 34 0 374 615 0 622 305 49 0 206 684 0 755 683 0 225 0 
Drone 9: 0 370 233 585 0 273 411 387 0 766 119 968 0 271 403 160 0 144 789 0 73 758 0 567 862 0 960 672 0 949 576 0 198 844 0 944 375 0 668 790 0 821 286 0 690 654 0 41 149 0 484 771 0 658 0 
Drone 10: 0 39 555 0 817 194 84 0 582 606 589 0 693 568 0 473 617 0 637 0 714 613 0 275 0 997 904 0 685 641 0 318 332 0 703 67 929 0 633 998 0 436 0 734 482 0 18 46 0 503 0 
Drone 11: 0 972 30 0 590 663 0 697 82 602 0 304 399 0 191 0 954 902 447 0 855 632 0 336 179 541 0 139 0 79 806 0 980 708 838 0 186 0 639 0 783 197 0 464 946 0 738 0 642 127 0 
Drone 12: 0 991 996 0 882 334 0 183 477 0 803 395 0 459 988 513 0 763 360 0 111 0 593 0 289 335 969 0 237 124 428 0 673 905 0 71 0 710 12 565 0 677 514 0 104 90 0 26 0 263 631 0 
Drone 13: 0 610 169 0 135 20 353 0 77 542 0 213 396 0 62 0 326 357 0 775 76 458 0 442 704 0 408 0 841 340 0 698 265 0 232 151 861 0 44 416 0 549 0 474 0 116 743 0 303 0 
Drone 14: 0 559 480 796 0 60 86 0 87 909 0 907 0 145 0 804 0 603 744 0 284 0 608 227 0 456 0 979 0 8 412 0 575 0 257 741 97 0 599 6 0 115 0 774 952 285 0 
Drone 15: 0 293 736 504 0 650 701 0 898 38 0 682 352 0 705 241 0 389 675 0 623 337 573 0 238 0 248 990 0 210 376 0 524 807 0 234 0 648 922 0 193 0 627 0 548 0 320 580 0 170 0 
Makespan (objective - latest vehicle finish): 13174.1 seconds
Total time (sum of all routes - secondary): 359550 seconds
Truck time sum: 185097 seconds
Drone time sum: 174453 seconds
Unserved customers: 0
Overall feasibility: Yes
Average customers per drone sortie (depot-to-depot): 1.95785
Average customers per truck sortie (depot-to-depot): 5.68605
Instance: instance/1000.10.3.txt  Time: 4325.5 ms
