Attempts: 3
Selected attempt (0-based): 1
Truck Routes:
Truck 1: 0 308 444 393 0 288 334 186 91 298 0 68 9 332 494 101 262 43 35 110 89 263 0 418 192 309 428 103 10 249 0 311 306 459 0 
Truck 2: 0 65 80 138 177 231 274 227 0 472 322 321 228 330 290 30 373 0 238 134 164 251 73 74 100 163 0 254 498 0 
Truck 3: 0 353 403 460 395 385 364 0 312 132 405 0 432 266 0 423 357 39 190 141 307 347 131 0 425 0 
Truck 4: 0 479 85 480 478 491 336 0 343 48 50 341 0 358 7 476 442 137 140 185 0 202 105 337 0 356 388 474 0 
Truck 5: 0 158 261 72 434 270 224 76 0 63 106 355 277 344 54 0 162 0 25 96 348 0 310 148 363 111 331 0 
Truck 6: 0 193 152 189 268 0 496 258 295 0 4 360 488 207 492 154 240 0 291 297 477 59 128 244 0 440 172 67 269 14 253 119 0 56 0 
Truck 7: 0 386 90 147 0 264 499 121 416 371 1 149 173 0 233 260 273 382 0 483 350 338 319 366 327 82 278 285 0 
Truck 8: 0 431 144 19 315 94 60 36 77 157 0 280 230 161 78 167 0 390 42 239 151 0 117 427 156 469 0 
Truck 9: 0 52 160 81 45 0 245 301 486 500 0 257 396 175 0 313 198 361 126 75 475 0 326 176 303 449 0 
Truck 10: 0 453 381 155 409 345 0 8 229 199 452 197 246 0 351 236 441 0 15 400 380 362 421 0 493 292 109 367 0 
Drone Routes:
Drone 1: 0 335 99 0 284 323 419 473 0 98 200 0 389 29 0 342 413 0 242 407 0 470 0 205 0 114 178 0 318 0 399 180 0 243 0 46 252 0 
Drone 2: 0 116 51 125 430 0 139 267 0 217 113 0 71 0 234 438 0 415 0 222 0 317 107 436 0 127 208 171 0 40 0 439 0 286 49 0 271 259 0 
Drone 3: 0 38 24 333 255 0 124 443 194 0 11 201 0 402 457 0 83 495 0 146 55 314 0 411 294 0 374 287 0 142 0 66 34 209 0 165 275 62 0 188 397 0 120 0 
Drone 4: 0 451 237 404 0 320 281 316 225 0 464 445 0 166 0 88 329 272 0 3 0 129 115 0 241 0 454 0 215 0 26 0 196 422 0 213 467 0 235 0 
Drone 5: 0 95 84 0 458 293 0 456 33 0 455 370 466 0 276 0 497 0 372 17 0 359 0 184 221 0 23 412 0 31 0 433 0 32 183 0 
Drone 6: 0 387 300 0 485 28 377 0 118 489 408 0 383 302 0 328 248 0 204 401 0 195 250 0 41 20 0 406 0 379 0 410 0 384 211 0 21 143 0 108 0 
Drone 7: 0 57 305 289 0 446 429 0 92 135 0 463 97 153 150 219 0 136 0 87 0 375 296 216 0 354 0 22 0 191 0 168 0 376 0 417 210 0 
Drone 8: 0 324 368 112 0 279 61 304 0 179 13 170 0 482 0 218 123 44 0 203 487 102 365 0 206 174 0 448 484 0 283 481 0 187 169 104 369 346 0 461 0 220 12 0 181 18 0 
Drone 9: 0 47 490 0 37 145 16 53 0 5 394 214 0 462 420 0 159 0 247 0 424 212 339 0 414 6 0 64 182 0 325 27 0 265 0 130 0 349 70 0 
Drone 10: 0 69 2 0 447 256 232 391 0 352 471 299 93 340 0 58 378 0 282 392 0 435 0 426 0 79 450 0 465 0 226 398 0 86 133 0 437 223 0 122 0 468 0 
Makespan (objective - latest vehicle finish): 18354.2 seconds
Total time (sum of all routes - secondary): 334068 seconds
Truck time sum: 170833 seconds
Drone time sum: 163235 seconds
Unserved customers: 0
Overall feasibility: Yes
Average customers per drone sortie (depot-to-depot): 1.97744
Average customers per truck sortie (depot-to-depot): 4.9375
Instance: instance/500.20.2.txt  Time: 852.758 ms
