Attempts: 3
Selected attempt (0-based): 1
Truck Routes:
Truck 1: 0 277 354 184 1 353 0 405 51 299 337 0 478 21 0 373 137 485 312 316 311 152 59 24 226 0 243 151 317 331 46 117 387 379 0 419 0 
Truck 2: 0 150 459 449 378 260 473 264 435 0 183 110 447 482 0 412 8 187 80 127 202 180 370 325 0 103 161 211 434 170 0 
Truck 3: 0 126 165 498 66 41 393 196 347 0 173 124 56 424 491 0 327 207 40 480 141 319 77 28 0 336 385 0 
Truck 4: 0 307 445 17 376 133 384 280 285 195 97 0 341 0 217 175 39 25 275 0 99 472 38 283 0 
Truck 5: 0 259 229 73 298 155 6 204 156 381 0 415 163 231 91 0 5 7 164 182 75 407 481 484 436 157 0 118 399 0 
Truck 6: 0 333 322 206 497 429 394 500 279 0 65 390 3 0 439 74 411 11 477 44 453 235 410 194 289 0 302 487 146 321 48 208 413 106 0 
Truck 7: 0 136 45 340 0 476 168 201 0 448 346 225 144 0 269 251 362 167 466 425 179 135 440 391 0 356 138 89 249 220 0 
Truck 8: 0 455 452 304 0 20 293 486 282 33 0 2 417 457 351 37 389 474 111 406 0 128 328 437 414 284 162 428 189 388 4 113 0 367 0 
Truck 9: 0 31 34 309 423 0 345 230 403 15 0 271 237 489 72 0 221 64 197 263 149 361 63 119 132 0 242 330 0 
Truck 10: 0 96 104 0 122 315 420 254 431 0 272 335 326 461 392 92 463 0 223 193 427 85 348 288 228 50 239 0 338 0 
Drone Routes:
Drone 1: 0 375 468 383 0 98 95 0 409 0 462 0 232 54 0 475 0 70 492 0 224 467 0 9 185 0 209 270 0 426 257 0 313 139 0 
Drone 2: 0 58 199 0 456 258 0 377 178 0 488 60 444 0 324 374 0 200 433 0 245 0 470 125 0 369 281 0 287 0 320 0 49 0 
Drone 3: 0 371 359 0 278 71 0 310 499 0 294 55 153 0 47 460 0 205 465 0 454 19 464 0 339 0 174 244 0 222 0 363 87 0 82 94 0 
Drone 4: 0 10 86 0 350 303 236 0 191 145 218 154 0 148 0 215 355 0 366 13 0 458 334 0 400 0 88 0 210 0 233 0 451 213 0 
Drone 5: 0 190 241 227 0 402 306 203 0 29 121 0 93 490 0 62 471 404 0 102 108 342 0 450 291 68 0 396 0 329 398 0 443 30 42 238 0 395 495 0 214 349 0 
Drone 6: 0 365 84 0 36 188 248 300 0 286 0 422 26 0 253 496 0 67 0 360 140 0 240 18 494 0 114 386 0 112 0 78 0 446 0 368 0 
Drone 7: 0 308 432 0 246 216 79 0 27 358 0 131 43 442 0 416 267 0 397 273 23 0 262 0 268 198 305 0 255 0 364 0 16 261 0 382 0 219 0 
Drone 8: 0 160 430 158 0 252 109 0 314 274 159 0 332 130 32 0 107 265 101 0 35 100 0 343 105 0 352 0 171 247 0 483 0 177 401 0 181 81 0 
Drone 9: 0 380 256 0 297 344 14 296 408 0 441 12 53 0 69 172 186 266 0 372 276 493 0 234 0 115 301 0 479 0 147 469 0 212 0 90 143 0 318 192 0 
Drone 10: 0 176 134 421 290 0 116 120 0 61 52 0 76 0 22 295 0 323 250 142 0 418 438 57 0 166 292 0 123 0 129 0 83 0 169 357 0 
Makespan (objective - latest vehicle finish): 26292.9 seconds
Total time (sum of all routes - secondary): 443684 seconds
Truck time sum: 232785 seconds
Drone time sum: 210898 seconds
Unserved customers: 0
Overall feasibility: Yes
Average customers per drone sortie (depot-to-depot): 2.0082
Average customers per truck sortie (depot-to-depot): 5.54348
Instance: instance/500.30.3.txt  Time: 732.483 ms
