Attempts: 3
Selected attempt (0-based): 2
Truck Routes:
Truck 1: 0 10 491 338 0 330 289 0 255 78 346 95 216 105 0 254 467 11 477 235 56 162 273 170 309 256 234 64 186 0 109 99 0 
Truck 2: 0 87 424 69 245 364 218 464 262 70 0 431 134 307 113 420 111 44 403 331 386 187 0 88 392 347 251 278 327 47 199 0 71 0 
Truck 3: 0 409 196 354 264 0 31 221 0 449 171 116 443 374 285 0 85 320 231 121 292 295 168 414 76 40 442 0 19 326 0 
Truck 4: 0 94 417 380 119 389 408 0 337 486 463 0 375 5 158 203 181 98 0 398 204 42 318 340 222 268 213 0 
Truck 5: 0 195 73 90 334 0 183 454 0 353 97 283 0 147 397 16 472 115 136 0 323 328 190 0 284 432 0 
Truck 6: 0 12 480 242 163 400 280 0 143 250 339 311 138 0 188 243 468 123 81 357 92 184 321 0 394 422 46 418 0 
Truck 7: 0 192 232 370 101 272 440 0 66 377 3 459 499 241 298 425 452 0 107 446 126 426 391 191 0 106 0 
Truck 8: 0 176 100 482 220 485 381 0 2 104 471 21 317 438 114 177 61 361 474 352 401 112 54 0 253 198 182 13 35 406 155 0 
Truck 9: 0 130 34 148 9 316 332 0 399 26 358 496 390 0 313 385 423 60 291 260 302 367 319 0 248 297 0 
Truck 10: 0 51 345 451 277 475 421 271 0 20 174 473 368 83 77 497 37 395 413 439 0 153 488 481 388 0 433 0 
Drone Routes:
Drone 1: 0 383 219 356 0 479 150 0 372 39 0 329 49 124 0 466 0 202 300 0 154 0 266 166 238 0 1 0 152 175 0 415 0 498 476 0 6 369 0 
Drone 2: 0 487 25 429 434 23 0 490 0 22 0 24 416 0 194 0 461 441 0 305 110 141 0 53 265 249 0 65 57 355 0 407 169 0 450 89 0 15 303 0 258 363 0 
Drone 3: 0 257 139 0 180 437 0 157 0 173 470 0 226 335 0 102 93 0 32 0 4 0 455 132 341 0 387 0 82 0 205 402 0 351 0 27 0 
Drone 4: 0 456 396 0 453 244 0 325 0 444 0 343 0 293 207 0 74 484 0 267 0 48 211 0 411 14 0 135 252 0 279 0 62 0 212 0 
Drone 5: 0 96 103 324 0 247 0 225 0 43 0 376 0 125 160 0 185 172 0 460 428 0 36 0 117 457 0 58 0 427 478 0 161 0 404 0 
Drone 6: 0 41 55 230 33 75 0 259 18 0 120 458 236 0 165 0 209 322 489 0 151 261 282 0 349 0 167 483 0 59 315 0 287 131 0 310 38 0 393 447 28 0 72 128 0 
Drone 7: 0 7 299 224 0 214 382 308 0 435 91 360 0 492 0 178 378 0 122 223 0 445 0 108 208 0 237 412 118 0 146 495 0 379 179 0 240 304 270 0 274 0 
Drone 8: 0 63 140 0 281 290 336 233 306 294 0 159 142 84 0 342 79 462 0 263 229 129 0 67 365 0 197 0 301 246 0 448 50 0 206 0 493 410 0 68 366 373 189 0 193 0 
Drone 9: 0 384 200 156 0 127 500 0 239 29 0 314 149 17 228 296 0 344 8 0 494 0 362 217 0 359 276 0 30 419 371 0 133 312 0 333 405 0 350 164 0 288 0 348 0 
Drone 10: 0 436 269 0 465 0 86 0 469 80 45 0 144 0 210 0 430 0 137 0 227 0 275 0 286 0 52 0 201 215 0 145 0 
Makespan (objective - latest vehicle finish): 31929.6 seconds
Total time (sum of all routes - secondary): 566770 seconds
Truck time sum: 297165 seconds
Drone time sum: 269605 seconds
Unserved customers: 0
Overall feasibility: Yes
Average customers per drone sortie (depot-to-depot): 1.9037
Average customers per truck sortie (depot-to-depot): 5.65116
Instance: instance/500.40.1.txt  Time: 762.179 ms
