Attempts: 3
Selected attempt (0-based): 0
Truck Routes:
Truck 1: 0 315 408 423 0 385 267 13 472 0 248 363 166 0 121 246 0 457 84 227 102 348 173 52 346 395 0 37 95 410 264 31 240 231 0 252 0 
Truck 2: 0 4 272 488 205 268 473 0 374 237 0 317 274 202 193 216 0 327 8 305 398 494 111 190 480 320 0 115 0 
Truck 3: 0 499 359 83 433 288 0 220 44 11 332 373 325 79 45 0 314 159 132 498 341 431 125 342 0 497 0 
Truck 4: 0 450 212 441 34 199 200 0 60 464 61 0 260 40 401 97 306 143 109 451 388 138 261 90 298 241 0 432 487 375 256 0 
Truck 5: 0 57 460 437 232 447 444 0 213 436 283 33 482 254 88 32 322 0 157 340 168 337 123 117 453 196 242 203 0 85 0 
Truck 6: 0 19 128 107 0 169 29 360 411 238 108 0 425 124 182 333 27 356 490 235 394 0 98 294 82 210 413 51 2 466 17 271 188 0 214 0 
Truck 7: 0 319 339 285 187 46 449 0 371 163 112 493 372 94 0 75 343 10 384 419 476 297 0 251 269 206 484 330 228 275 198 0 
Truck 8: 0 172 176 456 0 276 350 0 369 386 309 397 174 426 26 280 304 418 209 316 0 326 312 87 357 0 338 0 
Truck 9: 0 100 38 265 358 236 0 318 177 0 70 243 491 469 59 0 18 424 392 438 116 443 142 192 446 0 50 405 0 
Truck 10: 0 180 399 178 0 130 270 161 496 500 0 110 22 35 279 150 226 0 140 137 334 218 194 364 58 351 0 331 0 
Drone Routes:
Drone 1: 0 39 5 207 0 171 0 141 0 467 249 0 81 0 162 477 416 455 0 273 0 153 284 114 0 349 15 0 215 127 0 382 0 239 0 266 191 0 
Drone 2: 0 308 201 208 0 221 0 278 184 53 0 328 217 0 463 366 0 378 0 223 429 0 347 0 420 7 0 104 43 0 262 0 131 0 389 156 0 
Drone 3: 0 282 292 0 311 400 0 434 383 135 99 0 67 402 0 167 219 0 106 93 354 0 387 0 189 233 0 73 68 0 181 0 390 20 0 257 0 
Drone 4: 0 462 21 0 101 452 0 353 448 0 86 0 409 170 377 0 458 0 9 222 0 229 427 0 479 0 439 0 440 0 63 155 492 0 12 329 0 
Drone 5: 0 224 367 154 0 78 80 0 255 0 245 195 0 370 122 0 30 403 0 465 42 0 474 0 310 335 0 148 64 0 286 69 0 41 485 0 454 324 0 
Drone 6: 0 113 430 0 391 145 442 296 0 139 0 62 0 175 0 301 158 362 0 299 415 0 396 303 0 234 461 0 160 197 0 376 0 345 287 0 381 179 0 
Drone 7: 0 259 133 0 225 0 72 0 126 49 0 204 0 74 77 0 478 3 0 417 186 0 258 428 0 289 0 470 0 355 486 0 119 0 
Drone 8: 0 147 211 0 295 323 407 483 0 253 459 0 293 422 0 361 76 0 152 321 0 6 0 495 0 183 89 16 0 489 0 134 0 475 120 0 344 445 0 
Drone 9: 0 412 336 0 365 65 368 0 55 91 146 0 96 185 14 291 0 244 0 277 290 0 481 281 0 24 379 136 0 151 0 54 263 0 28 247 414 0 380 393 302 0 1 105 0 
Drone 10: 0 406 118 144 0 164 352 71 149 250 0 165 129 0 313 0 230 36 0 23 404 25 0 92 47 0 48 0 471 0 66 0 300 56 0 103 307 421 0 468 435 0 
Makespan (objective - latest vehicle finish): 31959.9 seconds
Total time (sum of all routes - secondary): 582385 seconds
Truck time sum: 299782 seconds
Drone time sum: 282602 seconds
Unserved customers: 0
Overall feasibility: Yes
Average customers per drone sortie (depot-to-depot): 1.92248
Average customers per truck sortie (depot-to-depot): 5.25
Instance: instance/500.40.3.txt  Time: 749.112 ms
