Attempts: 3
Selected attempt (0-based): 1
Truck Routes:
Truck 1: 0 146 130 170 242 151 235 388 441 0 23 490 446 423 496 365 461 0 208 494 214 40 347 92 20 320 0 
Truck 2: 0 201 386 50 82 321 79 397 0 358 0 383 399 111 188 96 432 186 135 369 182 118 144 197 245 225 486 0 168 64 0 
Truck 3: 0 169 13 110 330 442 74 479 395 95 329 382 215 0 28 148 155 47 114 293 0 127 8 239 248 362 204 457 10 471 58 277 339 252 367 0 134 0 
Truck 4: 0 30 331 475 488 33 98 251 0 485 309 42 280 253 305 241 80 491 0 86 97 107 450 175 498 165 194 0 
Truck 5: 0 51 55 310 0 316 427 0 482 283 210 0 452 393 296 0 187 77 460 178 444 302 0 48 17 398 372 351 132 224 0 
Truck 6: 0 227 338 480 100 292 0 342 209 157 196 0 45 158 66 274 318 15 349 29 0 101 483 272 150 129 420 448 190 0 431 0 
Truck 7: 0 401 232 391 177 88 405 0 408 258 324 0 219 176 348 174 371 12 16 376 281 206 26 425 312 0 83 2 43 217 70 387 366 0 
Truck 8: 0 246 472 487 350 0 267 171 0 437 462 360 0 203 436 0 354 37 264 285 198 445 125 378 412 243 247 202 0 160 19 396 0 
Truck 9: 0 493 364 39 417 0 53 207 0 139 0 294 14 142 439 93 0 268 147 212 301 62 459 311 0 
Truck 10: 0 78 7 453 200 234 307 0 373 0 108 451 56 0 183 341 467 167 374 141 278 27 192 284 0 
Drone Routes:
Drone 1: 0 222 161 345 34 112 0 414 0 370 478 9 357 0 289 44 0 297 0 363 0 262 81 0 413 0 306 143 0 138 0 428 73 0 223 103 0 300 0 
Drone 2: 0 216 426 0 322 0 257 3 0 75 377 72 0 85 468 0 335 0 416 0 84 0 193 0 60 0 469 419 0 385 0 353 31 474 0 
Drone 3: 0 375 105 0 265 94 35 0 250 57 0 266 119 0 133 304 434 0 336 36 287 0 455 260 0 470 236 0 346 282 0 352 0 424 429 0 433 122 0 288 291 0 
Drone 4: 0 477 384 87 221 0 337 91 0 261 314 381 0 22 422 0 184 0 18 181 0 447 0 233 355 21 0 299 0 109 359 0 438 259 124 0 406 430 0 
Drone 5: 0 162 466 0 255 159 0 220 205 0 361 152 4 0 24 213 0 286 38 0 270 0 69 380 115 0 295 0 230 0 456 0 244 326 0 
Drone 6: 0 403 116 0 271 263 240 0 172 256 199 390 0 325 102 226 0 418 0 120 440 0 237 229 0 67 90 0 137 131 0 279 0 449 410 0 500 0 
Drone 7: 0 145 164 126 0 323 415 0 117 189 0 319 0 497 149 52 0 484 123 0 179 0 407 0 231 49 6 492 0 99 0 128 481 5 0 328 211 0 
Drone 8: 0 454 269 0 495 68 136 0 317 0 238 106 394 0 249 46 0 411 458 0 402 465 0 327 0 334 0 344 389 0 476 404 435 121 0 166 11 89 0 463 173 0 
Drone 9: 0 379 76 0 275 421 0 32 273 0 464 113 0 332 180 0 499 25 276 0 54 489 0 63 473 0 443 400 0 140 0 154 0 298 356 0 
Drone 10: 0 1 254 0 333 228 0 303 0 290 156 343 0 41 308 0 315 313 392 0 163 153 104 195 0 218 340 191 0 65 0 409 71 0 368 0 61 59 0 185 0 
Makespan (objective - latest vehicle finish): 25786.4 seconds
Total time (sum of all routes - secondary): 438294 seconds
Truck time sum: 226136 seconds
Drone time sum: 212158 seconds
Unserved customers: 0
Overall feasibility: Yes
Average customers per drone sortie (depot-to-depot): 2
Average customers per truck sortie (depot-to-depot): 5.68182
Instance: instance/500.30.4.txt  Time: 739.344 ms
