Attempts: 3
Selected attempt (0-based): 2
Truck Routes:
Truck 1: 0 210 438 37 470 205 0 338 484 385 139 0 115 443 38 296 268 428 312 380 0 89 364 121 291 120 391 130 0 433 0 
Truck 2: 0 6 142 78 131 456 169 0 468 255 363 251 252 180 92 1 172 0 40 132 245 153 25 31 126 0 105 0 
Truck 3: 0 10 340 17 394 248 35 339 459 0 68 138 140 407 0 329 171 95 466 256 414 21 435 421 0 499 53 197 437 0 379 0 
Truck 4: 0 482 173 460 471 0 203 176 228 444 483 0 177 4 266 325 306 0 473 315 308 448 0 230 0 
Truck 5: 0 188 61 432 65 450 0 475 200 75 278 419 0 97 221 191 159 62 119 258 244 87 0 397 303 59 446 157 100 0 488 0 155 0 
Truck 6: 0 286 356 320 324 368 0 187 486 42 347 295 342 264 453 0 403 390 361 125 382 341 0 367 0 149 0 
Truck 7: 0 162 497 151 199 297 318 0 375 372 72 323 467 0 344 455 307 451 52 43 161 469 0 233 388 400 184 127 0 263 0 
Truck 8: 0 409 489 495 22 178 491 0 193 226 54 328 44 106 0 345 374 71 13 231 0 402 217 137 241 234 0 212 0 
Truck 9: 0 165 293 85 84 416 476 0 290 206 246 154 454 0 215 434 96 479 237 33 238 0 146 396 445 331 406 124 337 0 257 0 
Truck 10: 0 277 232 314 285 107 15 0 321 109 365 366 0 55 30 300 440 88 73 281 186 0 51 81 74 319 465 334 144 0 412 32 0 
Drone Routes:
Drone 1: 0 166 46 0 392 369 0 163 426 458 0 98 0 360 386 0 12 0 18 76 185 0 330 0 348 77 0 225 0 335 0 196 398 122 0 118 0 152 0 
Drone 2: 0 377 58 69 0 48 249 474 0 352 148 0 393 316 0 101 0 79 271 302 0 449 211 0 351 8 0 183 0 94 373 327 0 67 376 0 224 289 0 160 0 
Drone 3: 0 195 395 452 0 181 284 0 99 0 478 26 259 0 36 0 201 301 262 0 353 310 423 0 175 0 354 0 202 500 0 253 23 0 431 0 429 0 464 0 
Drone 4: 0 247 220 0 227 494 0 14 49 0 9 298 0 457 41 0 213 5 389 0 136 0 333 472 0 270 174 0 167 0 399 441 0 229 45 0 235 110 0 
Drone 5: 0 117 16 274 370 413 0 272 425 108 0 158 111 104 0 134 480 20 0 427 207 0 60 462 82 485 0 114 63 0 410 57 0 317 282 0 442 0 198 0 250 0 481 0 
Drone 6: 0 422 355 0 387 305 288 0 439 70 218 0 204 265 418 0 496 240 0 128 299 0 214 0 358 0 143 0 168 0 192 332 0 147 461 0 404 0 
Drone 7: 0 3 242 0 39 275 0 164 0 279 313 0 19 309 0 29 102 0 83 269 0 322 477 0 189 141 0 487 0 133 219 0 7 170 0 66 27 0 2 223 0 
Drone 8: 0 11 304 350 0 287 294 123 0 150 209 243 0 222 493 0 194 135 0 93 336 0 24 0 490 0 236 0 430 208 0 463 91 0 80 90 0 343 417 0 292 0 
Drone 9: 0 116 420 0 311 50 112 0 359 179 56 0 156 492 0 280 129 408 0 145 34 415 0 190 0 273 0 401 0 254 0 371 0 424 0 103 113 0 
Drone 10: 0 64 276 0 28 349 182 378 239 0 405 260 0 261 0 357 0 267 0 362 216 346 0 411 384 0 436 326 0 383 47 0 447 0 283 498 0 86 0 381 0 
Makespan (objective - latest vehicle finish): 11739.8 seconds
Total time (sum of all routes - secondary): 199556 seconds
Truck time sum: 109634 seconds
Drone time sum: 89922 seconds
Unserved customers: 0
Overall feasibility: Yes
Average customers per drone sortie (depot-to-depot): 1.91111
Average customers per truck sortie (depot-to-depot): 4.84
Instance: instance/500.10.4.txt  Time: 731.774 ms
