Attempts: 3
Selected attempt (0-based): 0
Truck Routes:
Truck 1: 0 305 30 304 373 52 487 124 0 418 83 283 281 0 319 210 65 297 349 258 497 0 273 27 455 454 47 272 106 192 0 174 0 394 0 
Truck 2: 0 263 40 109 368 9 190 0 39 135 110 113 199 0 133 227 74 166 351 464 103 495 492 241 0 152 7 0 61 0 
Truck 3: 0 472 308 269 189 157 442 0 203 37 191 382 158 441 0 277 296 388 82 70 0 309 371 57 0 300 311 0 
Truck 4: 0 395 427 81 343 92 496 457 279 0 338 247 439 220 451 243 0 246 471 324 434 222 287 0 223 342 259 107 412 0 468 0 
Truck 5: 0 353 473 261 59 0 461 26 197 396 330 131 301 0 130 365 484 173 25 417 101 84 337 218 0 3 216 0 
Truck 6: 0 182 361 55 195 401 0 475 171 336 96 36 0 102 214 270 221 354 0 430 226 0 478 0 
Truck 7: 0 285 198 6 0 19 367 414 303 22 0 424 230 162 44 292 405 215 0 390 24 474 236 93 470 341 460 17 310 0 145 212 0 204 0 
Truck 8: 0 67 465 122 399 416 459 0 290 428 381 0 421 34 155 127 271 219 251 327 0 85 141 149 186 194 369 415 28 0 333 0 320 0 
Truck 9: 0 299 486 136 225 0 490 8 187 104 400 78 0 120 114 298 51 453 23 31 432 0 12 144 213 79 0 111 0 
Truck 10: 0 294 72 332 458 1 0 479 86 446 377 0 500 10 278 466 344 291 363 0 217 228 45 181 97 355 374 329 0 317 0 
Drone Routes:
Drone 1: 0 89 426 476 69 0 383 153 425 0 193 100 77 0 163 0 397 268 128 0 493 0 491 232 0 56 376 0 384 142 176 0 393 0 41 307 0 456 0 435 0 
Drone 2: 0 385 35 0 16 266 53 0 257 42 43 0 386 184 0 322 235 0 63 0 440 95 0 318 0 48 14 0 250 436 0 98 126 0 378 0 346 0 
Drone 3: 0 482 437 410 0 267 167 0 170 0 234 125 0 119 284 0 132 178 112 0 183 0 348 0 325 0 13 146 0 116 0 211 0 262 0 
Drone 4: 0 282 5 239 0 370 175 488 411 244 0 164 328 161 0 99 0 147 143 0 306 75 0 347 431 0 360 359 0 389 0 139 242 0 20 0 372 498 0 260 0 
Drone 5: 0 240 255 276 254 0 245 462 0 494 280 420 0 248 356 0 21 0 180 323 445 0 253 0 481 326 134 0 118 0 477 403 0 208 129 0 73 0 256 0 
Drone 6: 0 275 406 485 0 4 38 0 91 224 165 288 0 392 0 429 467 0 29 233 0 489 0 252 138 0 357 407 0 419 209 60 188 0 108 237 409 0 238 151 0 264 172 0 
Drone 7: 0 265 76 0 229 46 11 438 0 177 32 0 408 0 148 0 335 0 404 480 0 154 0 366 0 314 168 150 0 499 295 0 159 200 0 334 0 
Drone 8: 0 66 293 0 80 443 137 0 169 156 0 379 71 0 315 15 0 433 447 350 0 123 115 0 345 413 0 358 352 0 362 0 398 375 0 202 339 0 206 49 0 
Drone 9: 0 50 302 205 18 0 117 140 483 0 422 54 0 87 316 0 105 331 0 402 231 0 64 449 0 201 0 364 0 62 33 0 90 313 0 196 321 0 2 469 0 
Drone 10: 0 179 88 312 0 448 289 0 340 452 0 121 0 68 274 0 160 286 387 0 58 391 0 444 450 0 94 0 463 249 0 185 0 423 380 0 207 0 
Makespan (objective - latest vehicle finish): 12295.1 seconds
Total time (sum of all routes - secondary): 200438 seconds
Truck time sum: 114041 seconds
Drone time sum: 86397.1 seconds
Unserved customers: 0
Overall feasibility: Yes
Average customers per drone sortie (depot-to-depot): 1.96923
Average customers per truck sortie (depot-to-depot): 4.69231
Instance: instance/500.10.2.txt  Time: 703.83 ms
