Attempts: 3
Selected attempt (0-based): 1
Truck Routes:
Truck 1: 0 241 384 209 481 265 122 49 0 149 111 474 440 0 450 174 227 360 219 285 442 257 238 0 
Truck 2: 0 473 186 239 300 197 27 0 94 18 66 0 347 206 106 136 425 115 282 272 201 448 0 462 151 416 290 333 0 
Truck 3: 0 226 189 13 430 92 100 165 25 441 43 0 51 291 95 200 287 0 309 327 298 84 259 411 204 68 410 12 205 273 208 178 147 0 328 0 
Truck 4: 0 152 254 229 0 179 326 253 295 123 412 150 0 357 475 395 249 64 0 170 486 350 202 368 0 
Truck 5: 0 494 429 20 0 230 56 366 420 312 0 267 367 323 0 104 343 144 210 288 134 234 274 341 465 344 358 251 0 69 0 
Truck 6: 0 434 385 215 70 263 143 0 426 0 260 46 404 321 193 0 391 376 7 262 471 280 492 432 485 428 131 2 6 299 191 0 266 114 0 
Truck 7: 0 53 59 126 198 498 124 0 62 55 398 214 445 313 0 142 484 355 387 169 289 21 145 458 48 297 172 146 0 418 258 0 
Truck 8: 0 34 336 342 275 0 390 231 218 467 140 271 369 250 0 164 374 35 216 392 0 77 330 470 42 119 138 65 495 292 0 
Truck 9: 0 469 401 356 0 222 3 0 438 73 314 0 245 415 0 17 319 308 393 171 0 468 117 381 203 81 460 351 424 0 
Truck 10: 0 83 407 182 157 268 240 0 443 270 0 337 305 30 261 383 414 372 125 499 304 488 97 247 0 437 0 
Drone Routes:
Drone 1: 0 346 110 349 0 22 217 0 491 482 0 364 306 0 345 102 0 127 338 121 0 211 0 396 0 39 0 155 67 0 389 180 0 363 0 
Drone 2: 0 335 26 72 0 153 493 213 0 435 57 0 159 11 0 183 371 0 359 132 436 71 0 80 439 0 444 455 0 303 8 0 181 0 133 185 0 63 0 419 0 
Drone 3: 0 301 187 0 137 33 0 224 296 15 0 41 397 0 370 158 0 417 476 0 130 194 9 0 497 0 340 154 324 0 354 310 0 311 109 0 487 322 0 28 0 
Drone 4: 0 54 377 0 286 76 0 449 379 40 0 325 0 36 16 0 463 99 0 302 293 279 459 0 177 105 278 0 421 116 0 190 0 173 422 0 235 307 0 320 0 
Drone 5: 0 399 332 0 457 5 0 456 478 0 4 0 329 0 90 163 0 82 378 0 24 0 433 0 264 315 453 0 78 490 0 10 0 129 0 
Drone 6: 0 31 38 402 256 0 382 223 0 472 120 0 353 75 0 461 0 161 248 423 0 281 0 91 0 269 294 61 0 175 58 0 454 74 0 483 373 0 93 0 
Drone 7: 0 400 148 166 0 29 98 0 207 0 447 243 112 0 466 108 0 283 113 0 480 0 489 23 0 334 0 380 339 0 252 135 0 167 394 0 348 0 
Drone 8: 0 196 221 413 45 0 500 352 0 237 37 0 199 388 0 408 317 0 184 0 386 255 0 52 284 0 47 277 0 244 88 96 403 0 225 160 0 365 141 0 406 0 
Drone 9: 0 451 44 479 0 79 464 0 50 103 233 0 496 192 87 0 86 362 361 331 0 316 139 19 0 85 0 232 0 212 427 0 452 89 0 236 0 162 128 0 
Drone 10: 0 188 101 220 0 14 0 156 431 0 1 32 176 0 409 0 107 0 446 168 0 246 318 195 405 0 118 0 242 60 0 477 375 0 276 228 0 
Makespan (objective - latest vehicle finish): 24713.7 seconds
Total time (sum of all routes - secondary): 419874 seconds
Truck time sum: 216820 seconds
Drone time sum: 203054 seconds
Unserved customers: 0
Overall feasibility: Yes
Average customers per drone sortie (depot-to-depot): 1.99213
Average customers per truck sortie (depot-to-depot): 5.74419
Instance: instance/500.30.2.txt  Time: 756.25 ms
