Attempts: 3
Selected attempt (0-based): 2
Truck Routes:
Truck 1: 0 182 199 323 0 14 234 0 253 401 79 359 0 244 20 160 262 139 231 69 0 329 276 466 163 179 0 304 0 
Truck 2: 0 143 334 383 146 0 272 232 46 53 256 389 0 130 0 410 264 214 204 431 68 346 174 393 302 66 0 
Truck 3: 0 261 35 484 208 220 454 175 445 0 300 412 424 210 416 306 456 200 408 101 0 178 487 265 0 318 1 37 0 
Truck 4: 0 103 327 298 23 404 169 28 422 402 0 291 12 382 403 345 195 0 105 168 497 255 444 429 165 476 305 0 322 0 
Truck 5: 0 134 350 187 181 180 0 425 194 0 207 223 349 400 36 338 233 0 144 392 138 496 0 398 49 43 11 462 129 0 113 0 
Truck 6: 0 467 133 191 0 282 114 0 106 71 119 367 0 94 61 128 482 468 8 434 0 362 0 
Truck 7: 0 414 81 360 86 275 107 75 263 0 437 42 433 34 3 54 0 51 451 21 369 97 0 102 366 212 426 313 301 0 
Truck 8: 0 405 172 455 90 32 22 87 0 310 9 385 500 148 56 44 423 0 74 325 125 336 447 52 268 485 183 260 0 48 0 
Truck 9: 0 411 290 33 488 126 463 0 449 309 442 285 166 296 297 376 0 316 453 67 352 446 0 280 45 50 241 420 363 16 0 320 0 
Truck 10: 0 499 142 122 361 461 267 84 270 57 211 0 136 384 72 314 226 439 192 0 63 477 31 283 321 0 170 0 
Drone Routes:
Drone 1: 0 287 469 0 18 13 0 228 330 47 0 7 158 481 0 100 443 248 407 0 381 131 373 65 0 317 0 153 0 380 151 0 340 0 98 0 480 0 394 135 0 259 0 
Drone 2: 0 277 38 0 177 252 498 0 308 473 0 118 218 0 112 303 365 0 10 238 0 438 391 0 83 254 328 161 0 88 209 99 0 406 184 0 278 491 111 0 167 286 201 0 15 478 0 284 0 
Drone 3: 0 269 337 0 109 0 348 379 0 342 0 312 341 0 5 217 132 0 326 222 245 0 225 0 176 0 155 0 292 0 490 25 397 0 149 0 448 370 0 
Drone 4: 0 419 474 0 294 399 215 0 354 258 145 0 115 55 0 266 395 242 0 324 427 0 435 0 450 251 0 19 93 0 197 205 0 76 0 80 202 0 6 0 
Drone 5: 0 335 78 0 351 156 0 29 89 0 475 440 0 374 347 0 213 70 288 0 247 116 0 417 0 85 0 333 92 40 0 188 0 162 372 0 154 0 364 452 0 
Drone 6: 0 124 141 0 27 353 0 331 190 0 387 157 465 0 494 0 230 319 0 30 0 458 0 237 428 257 0 91 96 0 186 0 279 236 0 307 390 0 
Drone 7: 0 479 24 0 185 0 415 193 0 62 104 198 0 386 289 0 388 140 492 0 430 246 0 219 206 0 77 0 249 0 152 483 0 164 0 295 0 58 0 
Drone 8: 0 436 73 159 339 0 171 189 0 271 0 299 315 311 0 464 243 0 229 293 250 0 120 0 457 137 413 0 39 0 281 0 224 356 459 0 26 489 221 0 2 0 
Drone 9: 0 344 127 0 495 82 0 472 4 0 371 375 0 471 274 0 216 0 59 432 41 0 123 121 0 378 0 196 0 273 173 0 377 0 493 486 0 117 0 
Drone 10: 0 368 441 235 0 108 0 110 95 0 357 0 421 0 64 0 332 343 0 358 418 239 0 355 17 0 460 60 0 470 240 0 147 409 203 0 227 396 0 150 0 
Makespan (objective - latest vehicle finish): 18280.9 seconds
Total time (sum of all routes - secondary): 321781 seconds
Truck time sum: 165961 seconds
Drone time sum: 155820 seconds
Unserved customers: 0
Overall feasibility: Yes
Average customers per drone sortie (depot-to-depot): 1.92701
Average customers per truck sortie (depot-to-depot): 5.13043
Instance: instance/500.20.4.txt  Time: 706.286 ms
