Attempts: 3
Selected attempt (0-based): 0
Truck Routes:
Truck 1: 0 128 484 199 0 238 119 0 135 424 0 30 293 239 70 442 410 0 165 492 153 75 160 409 192 242 16 318 0 291 335 0 
Truck 2: 0 82 241 446 71 170 0 159 450 112 427 449 0 434 171 0 34 236 155 247 107 210 102 294 185 0 332 0 
Truck 3: 0 364 188 7 487 44 41 10 0 441 389 118 451 0 24 151 95 432 258 0 404 311 0 
Truck 4: 0 355 429 84 312 430 383 354 154 234 163 0 253 213 391 439 478 466 0 475 22 252 417 39 423 339 259 0 401 304 0 
Truck 5: 0 435 216 28 285 277 268 465 96 195 0 228 83 0 307 142 262 0 292 413 473 279 0 
Truck 6: 0 254 303 248 0 440 143 395 0 306 103 299 0 231 474 336 47 330 11 176 257 0 288 490 425 0 
Truck 7: 0 203 467 321 322 265 0 407 178 376 472 167 431 162 468 0 334 416 360 149 0 19 455 202 480 381 4 237 0 358 0 
Truck 8: 0 399 460 418 50 333 367 266 132 76 0 62 249 86 411 284 400 33 486 422 0 133 251 146 115 457 166 0 464 428 0 
Truck 9: 0 73 405 373 37 98 0 350 452 136 341 179 453 495 0 224 280 402 323 168 343 0 264 164 366 488 362 93 138 385 65 79 13 371 0 
Truck 10: 0 359 120 77 140 99 200 419 0 361 198 20 461 0 230 0 173 365 60 471 109 194 351 287 0 363 129 187 193 0 
Drone Routes:
Drone 1: 0 57 324 0 58 122 222 0 127 0 223 8 0 476 443 329 0 80 483 0 91 243 0 18 0 415 0 21 175 0 397 0 356 386 0 348 380 3 0 52 85 0 
Drone 2: 0 245 315 0 272 66 152 0 48 0 40 290 0 67 372 0 117 182 0 344 106 0 104 0 218 111 38 0 61 150 406 0 496 276 0 390 0 421 331 244 0 342 89 0 
Drone 3: 0 269 12 0 169 497 445 0 219 225 273 0 414 345 189 459 0 209 0 92 326 204 0 53 0 458 352 0 29 0 46 0 337 433 0 35 0 235 246 0 
Drone 4: 0 393 116 295 0 220 130 0 56 87 0 181 206 0 420 388 0 338 317 0 186 340 314 0 256 270 134 0 212 68 0 190 0 201 125 0 177 398 1 0 114 0 374 126 0 
Drone 5: 0 157 215 0 302 481 110 0 31 255 0 489 0 281 278 0 101 0 382 208 0 378 438 72 0 81 436 0 396 45 0 353 349 0 100 6 0 347 500 0 327 226 0 
Drone 6: 0 469 137 0 470 90 0 448 180 0 300 286 0 43 15 0 207 63 0 9 309 0 271 121 0 25 0 59 0 447 0 42 196 0 491 275 0 217 0 
Drone 7: 0 250 375 0 229 147 97 0 183 32 0 145 274 0 108 282 319 0 64 0 148 0 23 227 0 494 310 131 0 454 328 0 412 156 0 485 437 0 260 346 0 184 0 
Drone 8: 0 298 426 394 0 36 456 0 158 0 392 94 0 316 0 27 113 296 0 313 0 5 0 205 0 211 0 139 283 105 0 214 0 263 197 0 
Drone 9: 0 308 267 0 305 141 78 0 370 403 161 14 0 384 477 51 124 0 233 0 499 191 0 55 0 88 54 0 261 232 0 2 0 482 0 444 387 357 0 144 0 
Drone 10: 0 174 463 0 26 289 368 0 297 17 49 0 320 369 408 0 379 123 74 0 493 479 498 0 301 0 240 0 69 0 462 0 221 0 325 0 377 0 172 0 
Makespan (objective - latest vehicle finish): 17908.9 seconds
Total time (sum of all routes - secondary): 330757 seconds
Truck time sum: 170333 seconds
Drone time sum: 160424 seconds
Unserved customers: 0
Overall feasibility: Yes
Average customers per drone sortie (depot-to-depot): 1.94161
Average customers per truck sortie (depot-to-depot): 5.08696
Instance: instance/500.20.1.txt  Time: 707.763 ms
