Attempts: 3
Selected attempt (0-based): 2
Truck Routes:
Truck 1: 0 350 280 311 267 498 95 0 405 319 485 308 0 40 49 432 396 233 460 0 18 399 420 361 171 103 225 238 182 0 204 0 355 0 
Truck 2: 0 397 151 141 14 455 0 44 188 252 394 128 421 0 303 269 334 47 466 55 295 245 196 29 0 136 398 0 465 0 
Truck 3: 0 434 411 213 191 305 257 0 183 262 189 285 279 195 0 448 415 159 70 215 381 289 297 194 131 164 0 57 423 353 0 
Truck 4: 0 224 186 152 163 246 331 0 187 13 298 116 93 234 0 383 482 469 375 65 395 268 56 0 200 46 309 467 0 492 0 
Truck 5: 0 64 158 389 288 379 219 0 342 113 76 490 144 484 296 347 0 483 139 147 170 122 316 0 33 88 0 
Truck 6: 0 166 425 403 496 87 372 0 358 157 126 349 494 0 270 22 160 231 37 382 0 276 339 154 199 0 470 0 
Truck 7: 0 328 414 119 36 99 232 0 418 384 472 364 475 0 193 161 458 84 360 346 478 439 155 0 386 325 42 271 118 300 0 209 0 
Truck 8: 0 4 41 132 343 101 0 25 2 177 336 0 69 441 202 366 392 440 274 0 357 222 304 446 0 96 0 
Truck 9: 0 223 367 462 330 456 0 486 110 140 127 261 0 203 471 282 461 35 156 10 16 0 344 363 180 354 247 404 424 376 229 0 264 0 
Truck 10: 0 444 102 210 89 1 320 0 111 133 457 407 239 0 255 66 333 323 34 185 0 409 169 8 138 0 175 172 0 452 0 
Drone Routes:
Drone 1: 0 391 230 3 286 24 162 0 340 244 0 266 114 26 0 275 0 108 0 419 190 20 0 500 443 0 388 0 135 0 341 0 112 0 54 0 429 0 
Drone 2: 0 287 226 359 0 236 235 0 91 12 0 390 387 321 0 105 417 0 228 48 0 435 0 179 0 198 338 0 476 463 0 272 313 0 61 481 0 227 0 
Drone 3: 0 284 38 0 71 451 302 0 273 431 0 150 0 153 181 0 436 445 0 374 0 72 15 0 442 0 400 468 0 146 0 74 369 426 0 430 0 
Drone 4: 0 318 447 243 0 106 62 0 67 97 0 240 123 0 410 145 0 477 281 0 184 0 134 0 294 0 75 206 0 23 433 201 0 167 292 0 459 0 
Drone 5: 0 125 253 50 117 0 493 237 78 0 450 79 0 52 212 373 121 0 258 107 438 0 422 413 148 0 214 0 120 0 45 291 0 307 0 53 0 480 0 365 0 
Drone 6: 0 488 137 9 265 0 7 77 109 0 437 86 402 0 173 0 259 0 299 208 371 0 94 216 0 63 0 11 489 348 0 28 301 6 0 326 454 0 327 278 0 31 335 0 449 0 
Drone 7: 0 218 428 0 408 58 0 115 176 0 317 211 324 0 43 0 370 401 174 0 51 0 322 80 0 499 98 0 68 178 0 205 0 312 0 149 290 0 
Drone 8: 0 251 85 0 406 30 0 248 249 0 479 495 0 104 0 453 168 192 0 315 473 0 337 380 0 197 378 0 59 0 207 0 306 368 0 329 314 0 385 0 
Drone 9: 0 277 351 242 17 0 82 39 0 293 165 5 0 27 362 0 142 491 0 474 19 412 0 241 0 487 0 256 21 0 90 220 0 310 0 60 0 464 0 
Drone 10: 0 250 92 0 217 497 100 0 393 129 0 32 254 0 263 221 0 260 124 283 0 352 377 0 356 83 0 130 427 0 81 0 73 332 0 143 345 0 416 0 
Makespan (objective - latest vehicle finish): 11939.5 seconds
Total time (sum of all routes - secondary): 199077 seconds
Truck time sum: 108834 seconds
Drone time sum: 90242.9 seconds
Unserved customers: 0
Overall feasibility: Yes
Average customers per drone sortie (depot-to-depot): 1.92424
Average customers per truck sortie (depot-to-depot): 4.92
Instance: instance/500.10.3.txt  Time: 864.716 ms
