Attempts: 3
Selected attempt (0-based): 0
Truck Routes:
Truck 1: 0 178 490 121 241 443 176 0 353 0 147 0 300 214 417 148 469 338 359 111 11 388 216 19 428 479 56 0 1 318 453 257 0 
Truck 2: 0 171 451 418 450 245 313 0 185 10 213 269 4 131 107 204 36 129 465 0 497 125 332 41 365 288 9 166 173 136 113 0 
Truck 3: 0 161 122 109 25 362 43 0 390 78 0 461 120 229 200 248 175 110 356 343 435 373 232 496 324 0 416 0 
Truck 4: 0 139 177 409 391 376 452 180 279 0 271 312 272 233 398 141 123 144 0 484 186 487 118 247 60 366 0 292 0 
Truck 5: 0 316 273 295 471 413 404 0 401 379 206 127 0 266 191 381 163 299 260 70 258 67 396 211 406 0 159 0 
Truck 6: 0 394 387 335 424 115 326 172 446 0 3 369 305 73 432 100 0 306 152 68 351 458 440 0 165 0 
Truck 7: 0 434 470 33 132 481 106 372 0 220 5 403 412 302 330 80 468 455 472 102 0 298 57 197 193 262 289 234 460 85 0 
Truck 8: 0 261 207 244 18 142 462 224 0 235 75 307 352 311 0 263 327 181 126 8 422 227 59 400 325 0 
Truck 9: 0 198 119 449 498 0 380 218 0 164 371 0 454 420 385 54 0 32 448 55 167 290 483 217 433 135 346 237 0 223 137 477 0 
Truck 10: 0 66 426 399 114 361 77 202 0 194 49 333 293 65 230 20 0 82 457 64 79 249 296 329 209 254 104 392 486 0 439 0 
Drone Routes:
Drone 1: 0 246 26 334 0 384 145 308 0 482 411 0 29 24 0 182 58 143 0 183 199 28 0 441 321 264 0 21 475 0 276 242 0 2 328 0 447 491 0 39 0 130 0 
Drone 2: 0 112 336 0 16 84 169 344 0 265 360 410 0 22 437 0 45 0 474 86 184 0 368 423 0 149 7 0 221 0 37 339 153 0 250 364 0 402 0 408 0 
Drone 3: 0 430 154 0 155 378 0 252 0 196 0 27 377 0 282 0 456 0 319 0 174 259 0 34 0 12 0 93 473 0 
Drone 4: 0 310 15 0 128 0 13 495 0 98 281 0 500 31 0 95 291 314 0 349 158 83 0 76 116 0 427 393 0 367 210 0 208 256 0 341 363 0 63 0 
Drone 5: 0 345 405 0 407 0 331 485 294 0 442 0 287 134 0 231 358 0 189 170 87 0 168 0 348 101 0 160 239 0 53 0 17 303 0 192 0 
Drone 6: 0 253 492 0 383 201 96 0 212 50 195 0 285 117 0 488 69 251 0 236 0 480 382 0 317 425 414 0 278 97 0 187 0 445 226 0 105 494 0 297 0 
Drone 7: 0 40 444 0 283 499 0 61 0 389 0 71 436 0 467 47 0 459 48 0 395 0 52 0 215 350 0 89 138 0 190 342 0 415 0 
Drone 8: 0 347 205 337 270 0 203 429 238 0 51 304 0 493 108 0 6 81 0 323 188 463 0 72 275 255 0 489 219 0 421 0 179 94 30 0 92 0 374 357 0 62 0 
Drone 9: 0 99 228 438 0 284 315 0 320 46 478 0 124 370 240 0 35 162 0 88 74 0 267 286 243 0 386 23 0 476 0 222 466 0 340 268 156 103 0 151 301 0 431 0 
Drone 10: 0 375 274 0 419 322 0 150 14 0 38 0 157 44 91 0 277 133 0 354 464 0 280 397 0 42 355 0 309 0 146 0 90 225 140 0 
Makespan (objective - latest vehicle finish): 31606.6 seconds
Total time (sum of all routes - secondary): 550967 seconds
Truck time sum: 288482 seconds
Drone time sum: 262484 seconds
Unserved customers: 0
Overall feasibility: Yes
Average customers per drone sortie (depot-to-depot): 1.96875
Average customers per truck sortie (depot-to-depot): 6.2
Instance: instance/500.40.2.txt  Time: 753.873 ms
