Attempts: 5
Selected attempt (0-based): 0
Truck Routes:
Truck 1: 0 476 448 459 432 251 258 62 372 174 0 313 479 314 333 414 350 334 167 0 22 55 142 300 268 0 
Truck 2: 0 81 165 31 361 147 102 294 429 67 356 439 193 474 0 99 58 120 245 28 0 353 424 170 444 366 0 
Truck 3: 0 443 499 362 94 318 464 220 357 440 388 248 0 305 370 173 92 166 209 473 0 376 352 201 489 273 386 0 
Truck 4: 0 306 15 185 109 108 393 316 330 328 145 260 283 0 392 56 351 276 107 367 131 89 194 282 172 0 146 380 492 360 46 449 441 292 417 0 
Truck 5: 0 227 383 242 332 199 472 0 210 175 48 138 279 0 322 363 398 0 371 480 431 0 368 0 115 241 77 151 163 207 434 191 12 461 255 114 310 235 0 10 14 37 222 491 420 365 32 0 
Truck 6: 0 299 11 462 453 275 253 161 208 308 346 19 237 467 53 0 418 0 6 110 148 9 373 447 374 252 469 495 38 79 0 233 428 0 
Truck 7: 0 21 286 5 75 159 121 281 379 0 298 0 42 103 230 364 60 156 51 84 0 27 90 33 45 217 104 0 465 0 
Truck 8: 0 413 234 490 446 136 343 382 2 0 98 475 0 153 402 144 0 347 410 160 183 404 399 396 0 16 0 
Truck 9: 0 63 500 70 195 326 323 200 83 54 0 435 236 0 270 1 65 119 49 229 296 456 481 327 0 482 0 
Truck 10: 0 426 477 349 311 171 231 101 324 36 0 340 0 319 224 391 95 471 126 0 278 240 403 321 377 204 0 257 0 
Drone Routes:
Drone 1: 0 50 271 186 0 232 421 196 0 264 0 261 0 128 0 239 0 97 359 106 0 483 0 73 385 0 269 0 427 72 3 0 
Drone 2: 0 18 345 317 0 198 0 87 484 293 0 140 496 152 0 180 52 0 190 206 0 179 150 419 0 401 69 0 203 487 0 259 0 34 25 436 78 0 342 188 0 
Drone 3: 0 493 254 457 358 463 0 184 445 0 141 158 0 244 219 0 117 64 223 320 454 438 0 211 30 0 478 0 177 218 0 288 338 129 0 168 135 0 154 355 100 0 468 460 0 
Drone 4: 0 157 289 437 17 0 369 24 0 266 422 226 205 0 13 243 0 302 0 497 277 0 285 0 400 488 0 59 225 0 384 216 0 86 238 0 7 181 0 
Drone 5: 0 267 375 0 423 0 336 35 0 415 0 214 127 0 197 118 301 164 0 265 0 71 47 0 122 176 0 297 339 0 133 407 0 
Drone 6: 0 137 23 325 389 0 303 412 0 290 0 74 406 61 272 0 182 20 0 458 0 250 0 132 0 263 0 4 0 397 221 0 124 0 
Drone 7: 0 390 304 405 0 246 96 0 249 88 0 315 262 192 0 189 125 0 228 341 455 381 0 309 274 0 80 0 212 354 0 82 123 0 408 291 0 450 26 256 0 
Drone 8: 0 187 335 0 134 394 0 68 0 41 470 0 312 0 213 0 387 8 0 112 169 0 130 0 29 139 0 433 0 
Drone 9: 0 93 149 494 0 329 284 0 486 0 287 409 0 451 178 442 0 466 498 111 40 0 416 0 57 247 0 202 0 162 0 411 0 91 425 0 
Drone 10: 0 295 395 215 155 0 378 0 39 280 452 0 331 0 337 66 0 344 116 76 0 113 85 105 0 143 0 44 0 348 43 0 307 485 0 430 0 
Makespan (objective - latest vehicle finish): 30118.5 seconds
Total time (sum of all routes - secondary): 521738 seconds
Truck time sum: 269767 seconds
Drone time sum: 251971 seconds
Unserved customers: 0
Overall feasibility: Yes
Average customers per drone sortie (depot-to-depot): 2.05128
Average customers per truck sortie (depot-to-depot): 6.19048
Instance: instance/500.40.4.txt  Time: 1313.16 ms
