Attempts: 5
Selected attempt (0-based): 0
Truck Routes:
Truck 1: 0 282 353 424 213 373 13 131 407 0 490 67 166 413 221 447 394 0 257 458 246 266 318 229 112 0 495 423 269 200 75 432 194 357 0 
Truck 2: 0 139 170 38 145 206 93 29 272 418 51 124 0 245 342 157 136 102 171 14 0 236 329 419 217 392 374 254 261 0 204 0 
Truck 3: 0 203 148 187 349 487 81 486 54 386 6 30 215 201 390 0 57 25 270 262 86 0 323 149 393 12 366 19 381 414 0 64 0 
Truck 4: 0 142 117 385 225 134 406 258 370 99 427 488 10 158 0 377 288 451 348 85 333 265 0 304 426 312 474 31 238 167 249 104 0 497 0 
Truck 5: 0 466 126 482 37 53 71 212 222 0 237 493 160 248 421 0 220 489 431 41 234 138 252 302 0 189 334 442 446 233 425 180 475 107 146 400 0 
Truck 6: 0 196 368 132 44 137 376 405 293 28 0 179 16 60 45 46 356 11 0 68 420 100 26 307 3 289 8 0 153 491 341 0 
Truck 7: 0 467 365 76 15 328 244 379 412 408 347 0 109 430 113 207 150 461 331 130 0 94 292 152 404 485 317 0 264 396 120 61 55 176 380 70 0 
Truck 8: 0 279 251 343 161 135 190 481 0 299 294 340 325 173 193 477 0 223 471 295 106 0 231 218 281 63 185 280 0 216 0 
Truck 9: 0 344 58 403 56 434 144 500 438 0 159 352 95 479 250 483 79 449 0 105 110 226 416 62 208 259 74 273 0 319 0 383 0 
Truck 10: 0 494 147 415 209 306 32 235 260 327 0 291 183 277 371 172 34 308 0 83 372 21 267 276 0 20 441 108 0 
Drone Routes:
Drone 1: 0 300 391 492 0 460 499 0 454 437 0 484 0 255 0 363 88 0 369 322 0 332 0 87 118 0 433 0 355 0 
Drone 2: 0 445 141 0 143 335 0 456 0 98 219 0 4 125 480 0 39 1 151 0 227 197 202 0 184 478 0 409 0 375 66 0 240 0 
Drone 3: 0 178 305 350 0 253 320 0 49 247 156 0 274 0 195 0 80 401 285 0 164 162 0 314 364 0 436 0 97 191 0 59 0 
Drone 4: 0 73 96 114 163 399 0 91 464 336 128 0 17 243 384 0 198 186 0 378 0 387 287 84 9 0 119 0 40 0 324 188 0 133 321 0 140 0 103 0 
Drone 5: 0 286 33 0 496 303 397 0 24 214 268 0 457 0 463 78 0 301 239 0 42 0 43 92 0 283 338 0 439 5 0 296 0 
Drone 6: 0 473 174 310 0 115 77 0 330 0 351 275 0 89 444 0 72 402 256 0 82 0 211 0 465 0 199 90 0 395 346 0 
Drone 7: 0 398 271 0 210 121 0 35 0 358 354 417 0 263 65 0 284 382 0 101 0 182 0 428 0 290 2 0 278 315 205 0 
Drone 8: 0 69 168 0 298 429 0 309 0 123 360 0 411 0 435 242 116 241 0 410 232 0 388 0 313 0 155 0 337 127 0 
Drone 9: 0 122 18 129 224 0 50 165 27 0 498 339 361 440 0 362 326 0 367 459 468 0 169 443 48 0 476 111 0 472 0 389 0 359 52 0 462 0 
Drone 10: 0 47 455 230 22 0 422 469 228 0 448 175 470 0 453 177 36 0 345 316 0 450 0 311 297 0 192 0 7 0 452 23 0 154 181 0 
Makespan (objective - latest vehicle finish): 10490.3 seconds
Total time (sum of all routes - secondary): 158161 seconds
Truck time sum: 85390.6 seconds
Drone time sum: 72770.8 seconds
Unserved customers: 0
Overall feasibility: Yes
Average customers per drone sortie (depot-to-depot): 1.96396
Average customers per truck sortie (depot-to-depot): 6.71429
Instance: instance/500.10.1.txt  Time: 1323.28 ms
