Attempts: 5
Selected attempt (0-based): 0
Truck Routes:
Truck 1: 0 59 30 370 405 383 137 358 304 0 479 348 280 432 0 17 215 254 0 457 0 116 60 269 0 329 0 
Truck 2: 0 74 243 463 387 34 262 499 423 76 151 326 88 77 127 0 393 202 167 0 437 379 313 483 295 0 452 0 
Truck 3: 0 440 399 29 212 68 118 180 237 283 341 441 197 132 0 115 296 249 205 257 325 0 57 174 100 321 422 485 468 0 18 0 
Truck 4: 0 99 98 184 96 381 63 455 273 303 20 391 470 488 204 220 87 37 109 45 0 71 6 275 206 0 15 152 301 42 396 130 21 360 412 233 0 
Truck 5: 0 408 302 66 208 178 209 0 4 124 330 31 182 0 92 287 395 0 320 172 267 27 219 0 420 449 352 48 7 0 
Truck 6: 0 498 26 309 288 52 113 189 403 344 0 65 382 268 214 225 332 112 0 199 142 89 247 134 0 153 126 328 487 119 141 495 376 443 401 168 0 
Truck 7: 0 196 473 486 240 292 241 0 123 101 192 458 43 0 72 394 353 418 0 368 104 439 297 435 0 207 0 129 312 373 28 0 
Truck 8: 0 47 157 490 81 384 414 239 245 355 226 450 453 392 0 434 361 0 397 480 2 327 181 162 154 365 86 0 317 428 73 315 0 489 0 
Truck 9: 0 232 148 102 291 35 75 90 234 11 307 179 0 266 406 165 271 324 300 0 139 170 260 372 0 159 359 53 200 259 114 0 
Truck 10: 0 433 389 229 147 16 409 255 322 404 8 263 285 476 0 460 497 345 481 0 238 398 33 0 413 0 
Drone Routes:
Drone 1: 0 270 166 0 362 386 0 253 385 0 22 336 469 0 308 91 0 228 230 0 471 0 261 0 367 0 84 94 0 171 456 0 193 356 0 
Drone 2: 0 390 44 0 311 493 0 339 221 380 0 491 36 0 294 0 459 70 0 407 298 0 281 264 173 0 105 0 430 0 107 465 0 25 377 0 
Drone 3: 0 80 347 160 0 216 448 500 305 289 0 169 364 0 136 39 0 248 475 0 133 306 0 143 203 0 371 351 0 338 69 375 0 78 251 186 158 411 9 0 462 427 0 138 236 0 
Drone 4: 0 388 492 0 1 10 444 0 451 293 0 61 466 0 369 340 0 334 0 335 40 111 185 0 5 0 438 0 211 0 316 464 0 276 424 0 
Drone 5: 0 415 366 0 478 175 318 400 0 3 231 0 337 0 161 0 14 38 363 0 117 0 346 0 410 0 354 144 0 128 195 0 67 0 
Drone 6: 0 447 284 256 0 24 145 12 0 242 95 323 333 201 0 378 286 0 331 246 0 121 417 0 58 0 82 64 0 183 122 0 472 55 0 272 299 244 0 416 278 0 
Drone 7: 0 217 425 0 279 258 83 0 85 108 0 349 224 0 149 310 0 49 163 0 342 110 0 213 0 13 187 164 0 426 0 176 402 0 56 350 0 
Drone 8: 0 343 442 0 431 106 0 222 93 0 274 0 62 191 0 474 51 0 190 357 0 177 0 374 482 140 188 0 314 0 496 0 461 198 0 
Drone 9: 0 150 445 0 194 484 0 494 0 54 290 223 0 477 0 250 0 277 0 421 446 135 0 252 131 0 210 0 436 0 103 0 
Drone 10: 0 429 282 235 0 454 155 0 23 218 46 0 467 156 0 319 227 0 97 0 41 19 0 265 0 79 419 0 146 0 32 0 50 125 120 0 
Makespan (objective - latest vehicle finish): 16829.6 seconds
Total time (sum of all routes - secondary): 307717 seconds
Truck time sum: 158069 seconds
Drone time sum: 149648 seconds
Unserved customers: 0
Overall feasibility: Yes
Average customers per drone sortie (depot-to-depot): 1.99167
Average customers per truck sortie (depot-to-depot): 5.8
Instance: instance/500.20.3.txt  Time: 1291.23 ms
