Attempts: 3
Selected attempt (0-based): 0
Truck Routes:
Truck 1: 0 32 53 62 446 208 0 460 239 335 0 295 209 0 495 498 88 413 185 265 93 255 144 157 13 298 7 260 479 0 237 0 
Truck 2: 0 343 9 82 303 346 96 0 78 308 0 489 91 180 24 475 331 167 146 368 214 0 165 98 254 0 
Truck 3: 0 50 467 27 26 242 25 21 30 324 0 143 356 168 194 105 0 494 58 103 342 18 490 394 386 439 40 0 6 0 
Truck 4: 0 228 138 485 130 99 403 193 248 94 0 454 397 332 440 0 288 483 398 300 414 257 456 493 0 170 0 
Truck 5: 0 249 395 0 35 46 0 15 363 0 423 164 0 452 357 16 0 383 135 318 337 379 213 361 364 222 378 336 259 0 187 0 
Truck 6: 0 418 320 263 369 380 491 177 431 2 268 354 0 347 23 198 205 74 0 231 41 402 469 374 334 286 477 450 136 241 0 203 0 
Truck 7: 0 201 97 496 11 140 417 142 0 274 271 179 163 0 159 437 411 407 189 204 67 87 227 0 116 128 85 37 0 247 0 
Truck 8: 0 52 382 109 49 384 10 393 0 158 72 162 131 285 0 261 344 401 129 36 461 111 197 0 400 172 293 420 225 482 0 
Truck 9: 0 148 474 278 183 429 282 63 381 415 0 328 223 367 0 90 448 294 20 219 44 350 392 455 266 108 57 107 0 302 497 0 
Truck 10: 0 190 359 355 112 0 226 0 451 438 333 348 0 224 327 240 0 79 236 152 0 296 118 133 319 484 199 117 459 124 0 281 0 
Drone Routes:
Drone 1: 0 486 338 0 488 435 0 151 442 0 156 12 0 315 372 366 0 275 492 0 123 464 0 304 0 153 134 426 0 65 269 365 0 59 216 0 425 218 0 33 0 
Drone 2: 0 341 353 258 121 0 309 66 0 316 0 171 75 385 0 325 55 0 39 195 0 396 351 217 0 188 0 155 0 436 480 389 0 160 270 0 427 0 
Drone 3: 0 419 3 358 0 473 0 139 196 0 377 137 0 323 22 0 253 387 0 200 329 0 28 370 352 0 220 0 14 0 299 0 122 0 
Drone 4: 0 150 466 73 8 0 80 373 100 0 56 101 0 330 64 0 251 376 0 301 38 375 0 458 441 0 238 444 0 360 0 89 433 291 181 0 408 0 92 81 0 
Drone 5: 0 478 462 0 48 210 443 0 176 284 0 471 276 371 0 287 434 339 277 0 184 1 0 84 186 0 476 202 126 0 453 409 313 0 310 0 463 182 0 17 68 0 
Drone 6: 0 465 292 0 211 322 0 406 86 311 0 307 0 430 60 34 0 447 192 0 445 102 388 0 252 0 362 245 61 0 95 0 432 54 69 0 306 0 125 0 
Drone 7: 0 412 70 0 424 178 391 321 0 416 0 232 19 0 340 207 0 244 0 422 273 0 161 0 77 154 0 45 0 289 229 0 305 0 
Drone 8: 0 5 234 230 0 457 119 0 175 0 110 468 76 0 169 212 0 120 106 0 267 283 0 215 0 246 280 173 0 114 0 317 0 141 410 0 
Drone 9: 0 147 132 421 31 0 390 104 47 0 279 235 0 243 115 127 0 145 256 326 0 500 0 221 272 0 262 191 0 83 399 0 349 0 428 0 312 314 0 
Drone 10: 0 71 481 0 487 51 206 0 149 290 0 404 0 4 297 0 29 499 174 0 470 250 0 449 0 166 113 0 345 264 233 0 42 43 0 472 0 405 0 
Makespan (objective - latest vehicle finish): 25606.7 seconds
Total time (sum of all routes - secondary): 437261 seconds
Truck time sum: 237422 seconds
Drone time sum: 199839 seconds
Unserved customers: 0
Overall feasibility: Yes
Average customers per drone sortie (depot-to-depot): 2.04065
Average customers per truck sortie (depot-to-depot): 5.1875
Instance: instance/500.30.1.txt  Time: 737.172 ms
